       237        237
      1514     201742     201833     201837     201836 
      1515       8782     201837     201833         29 
      1516       8782         28     201836     201837 
      1518         30     201884     201896     201873 
      1519     201839     201896     201884     201738 
      1520     201839     201748     201873     201896 
      1522     201857     201745     201891     201892 
      1523         32     201768     201892     201891 
      1524     201857     201892     201768     201744 
      1526     201761     201775     201843     201842 
      1527     201838     201843     201775     201748 
      1528     201838     201763     201842     201843 
      1530     201762     201828     201901     201899 
      1531     201900     201901     201828     201739 
      1532     201900     201740     201899     201901 
      1538       9447          9     201903     201935 
      1539     201741     201823     201935     201903 
      1540       9447     201935     201823          8 
      1542     201866     201759     201865     201867 
      1543     201753     201863     201867     201865 
      1544     201866     201867     201863     201749 
      1545          5     201847     201848     201846 
      1546     201812     201848     201847     201746 
      1548     201812     201747     201846     201848 
      1550     201760     201771     201890     201871 
      1551     201889     201890     201771     201757 
      1552     201889     201750     201871     201890 
      1554     201761     201776     201778     201775 
      1555     201777     201778     201776     201744 
      1556     201777     201748     201775     201778 
      1558     201909     201746     201912     201913 
      1559          2       9303     201913     201912 
      1560     201909     201913       9303         33 
      1566     201761     201779     201781     201776 
      1567     201780     201781     201779     201757 
      1568     201780     201744     201776     201781 
      1570     201853     201750     201851     201854 
      1571     201751     201852     201854     201851 
      1572     201853     201854     201852         35 
      1582     201748     201777     201869     201868 
      1583     201769     201869     201777     201744 
      1584     201769         31     201868     201869 
      1586     201840     201763     201838     201841 
      1587     201748     201839     201841     201838 
      1588     201840     201841     201839     201738 
      1606     201742     201831     201835     201833 
      1607     201834     201835     201831     201738 
      1608     201834         29     201833     201835 
      1610         32       8538     201770     201768 
      1611     201769     201770       8538         31 
      1612     201769     201744     201768     201770 
      1618     201801     201877     201865     201759 
      1619     201801     201755     201804     201877 
      1620     201753     201865     201877     201804 
      1626     201766     201800     201802     201799 
      1627     201801     201802     201800     201755 
      1628     201801     201759     201799     201802 
      1646       9241     201898     201767          7 
      1647       9241          8     201897     201898 
      1648     201740     201767     201898     201897 
      1653     201739     201827     201876     201875 
      1655     201836         28     201875     201876 
      1656     201836     201876     201827     201742 
      1685       9657         27     201932     201947 
      1686     201739     201875     201947     201932 
      1688       9657     201947     201875         28 
      1690         30       9094     201885     201884 
      1691     201834     201885       9094         29 
      1692     201834     201738     201884     201885 
      1714     201783     201795     201794     201752 
      1715     201783         37       8610     201795 
      1716         36     201794     201795       8610 
      1746         38     201862     201864     201824 
      1747     201863     201864     201862     201749 
      1748     201863     201753     201824     201864 
      1798     201805     201754     201803     201806 
      1799     201753     201804     201806     201803 
      1800     201805     201806     201804     201755 
      1810     201758     201894     201895     201878 
      1811     201866     201895     201894     201759 
      1812     201866     201749     201878     201895 
      1822     201764     201830     201832     201815 
      1823     201831     201832     201830     201738 
      1824     201831     201742     201815     201832 
      1826     201764     201880     201881     201830 
      1827     201840     201881     201880     201763 
      1828     201840     201738     201830     201881 
      1842     201765     201887     201888     201886 
      1843     201799     201888     201887     201766 
      1844     201799     201759     201886     201888 
      1845         30     201873     201874       8971 
      1847     201868         31       8971     201874 
      1848     201868     201874     201873     201748 
      1850     201816     201829     201828     201762 
      1851     201816     201742     201827     201829 
      1852     201739     201828     201829     201827 
      1854     201844         27       8839     201845 
      1855          3       8842     201845       8839 
      1856     201844     201845       8842          7 
      1890     201741     201788     201938     201936 
      1891     201808     201938     201788     201755 
      1892     201808     201762     201936     201938 
      1906     201743     201902     201940     201939 
      1907     201818     201940     201902         10 
      1908     201818         40     201939     201940 
      1914     201754     201805     201942     201941 
      1915     201787     201942     201805     201755 
      1916     201787     201743     201941     201942 
      1930     201746     201849     201850     201810 
      1931     201772     201850     201849     201745 
      1932     201772     201760     201810     201850 
      1934     201773     201774     201772     201745 
      1935     201773     201757     201771     201774 
      1936     201760     201772     201774     201771 
      1938     201849     201746     201909     201911 
      1939         33     201910     201911     201909 
      1940     201849     201911     201910     201745 
      1954     201870     201750     201914     201946 
      1955         34     201916     201946     201914 
      1956     201870     201946     201916     201747 
      1965     201862         38       9332     201918 
      1966         37     201782     201918       9332 
      1968     201862     201918     201782     201749 
      1981       8696         39     201821     201822 
      1982     201754     201820     201822     201821 
      1984       8696     201822     201820         40 
      1989     201825     201924     201821         39 
      1990     201754     201821     201924     201803 
      1991     201825     201753     201803     201924 
      2013          5     201846     201856       8876 
      2014     201855          1       8876     201856 
      2015     201855     201856     201846     201747 
      2018     201756     201792     201923     201921 
      2019     201922     201923     201792     201752 
      2020     201922     201751     201921     201923 
      2026     201758     201790     201798     201796 
      2027     201797     201798     201790     201756 
      2028     201797     201763     201796     201798 
      2030     201859     201756     201921     201927 
      2031     201751     201919     201927     201921 
      2032     201859     201927     201919     201757 
      2038          5       9323     201943     201847 
      2039     201912     201943       9323          2 
      2040     201912     201746     201847     201943 
      2066     201750     201853     201915     201914 
      2067       9311     201915     201853         35 
      2068       9311         34     201914     201915 
      2118     201857     201858     201773     201745 
      2119     201857     201744     201780     201858 
      2120     201757     201773     201858     201780 
      2238     201754     201941     201952     201820 
      2239     201939     201952     201941     201743 
      2240     201939         40     201820     201952 
      2242       8717     201826     201825         39 
      2243       8717         38     201824     201826 
      2244     201753     201825     201826     201824 
      2266     201741     201936     201937     201906 
      2267     201899     201937     201936     201762 
      2268     201899     201740     201906     201937 
      2278     201922     201752     201794     201926 
      2279         36     201925     201926     201794 
      2280     201922     201926     201925     201751 
      2338     201808     201809     201807     201762 
      2339     201808     201755     201800     201809 
      2340     201766     201807     201809     201800 
      2350     201743     201787     201789     201786 
      2351     201788     201789     201787     201755 
      2352     201788     201741     201786     201789 
      2362     201894     201951     201886     201759 
      2363     201894     201758     201929     201951 
      2364     201765     201886     201951     201929 
      2378     201756     201860     201893     201797 
      2379     201842     201893     201860     201761 
      2380     201842     201763     201797     201893 
      2410     201765     201929     201930     201928 
      2411     201796     201930     201929     201758 
      2412     201796     201763     201928     201930 
      2422     201765     201928     201949     201948 
      2423     201880     201949     201928     201763 
      2424     201880     201764     201948     201949 
      2474     201891     201745     201910     201944 
      2475         33       9573     201944     201910 
      2476     201891     201944       9573         32 
      2530     201823     201741     201906     201907 
      2531     201740     201897     201907     201906 
      2532     201823     201907     201897          8 
      2542     201764     201815     201817     201814 
      2543     201816     201817     201815     201742 
      2544     201816     201762     201814     201817 
      2554     201764     201814     201883     201882 
      2555     201807     201883     201814     201762 
      2556     201807     201766     201882     201883 
      2557     201779     201861     201859     201757 
      2558     201779     201761     201860     201861 
      2560     201756     201859     201861     201860 
      2570     201750     201889     201920     201851 
      2571     201919     201920     201889     201757 
      2572     201919     201751     201851     201920 
      2602     201852     201751     201925     201945 
      2603         36       9590     201945     201925 
      2604     201852     201945       9590         35 
      2706     201765     201948     201950     201887 
      2707     201882     201950     201948     201764 
      2708     201882     201766     201887     201950 
      2778     201904     201743     201786     201908 
      2779     201741     201903     201908     201786 
      2780     201904     201908     201903          9 
      2862     201916         34       9316     201917 
      2863          1     201855     201917       9316 
      2864     201916     201917     201855     201747 
      2866     201750     201870     201872     201871 
      2867     201811     201872     201870     201747 
      2868     201811     201760     201871     201872 
      2882     201844          7     201767     201934 
      2883     201740     201931     201934     201767 
      2884     201844     201934     201931         27 
      2894     201932         27     201931     201933 
      2895     201740     201900     201933     201931 
      2896     201932     201933     201900     201739 
      2926     201758     201878     201879     201791 
      2927     201784     201879     201878     201749 
      2928     201784     201752     201791     201879 
      3102     201758     201791     201793     201790 
      3103     201792     201793     201791     201752 
      3104     201792     201756     201790     201793 
      3361     201812     201813     201811     201747 
      3362     201812     201746     201810     201813 
      3364     201760     201811     201813     201810 
      3378     201784     201785     201783     201752 
      3379     201784     201749     201782     201785 
      3380         37     201783     201785     201782 
      3622     201902     201743     201904     201905 
      3623          9       9275     201905     201904 
      3624     201902     201905       9275         10 
      3625       8685     201819       8684          4 
      3626       8685         40     201818     201819 
      3628         10       8684     201819     201818 
         6       8538         32       8535       8542 
         7         47       8539       8542       8535 
         8       8542       8539         31       8538 
        10       8549         63       8546       8553 
        11         60       8550       8553       8546 
        12       8553       8550         48       8549 
        14       8560         64       8557       8564 
        15         51       8561       8564       8557 
        16       8564       8561         47       8560 
        18       8569         64       8560       8573 
        19         47       8570       8573       8560 
        20       8573       8570         60       8569 
        22       8580         37       8577       8584 
        23         52       8581       8584       8577 
        24       8584       8581         55       8580 
        26       8591         46       8588       8595 
        27         44       8592       8595       8588 
        28       8595       8592         58       8591 
        30       8602         61       8599       8606 
        31         59       8603       8606       8599 
        32       8606       8603         55       8602 
        34       8611         36       8610       8614 
        35         37       8580       8614       8610 
        36       8614       8580         55       8611 
        38       8599         61       8617       8623 
        39         66       8620       8623       8617 
        40       8623       8620         59       8599 
        42       8630         69       8627       8634 
        43         62       8631       8634       8627 
        44       8634       8631         58       8630 
        46       8641         56       8638       8645 
        47         57       8642       8645       8638 
        48       8645       8642         58       8641 
        50       8651         69       8630       8655 
        51         58       8652       8655       8630 
        52       8655       8652         65       8651 
        54       8662         63       8659       8666 
        55         49       8663       8666       8659 
        56       8666       8663         50       8662 
        58       8673         67       8670       8677 
        59         65       8674       8677       8670 
        60       8677       8674         45       8673 
        62       8684         10       8681       8688 
        63         40       8685       8688       8681 
        64       8688       8685          4       8684 
        65       8693         57       8694       8700 
        67       8700       8696         40       8693 
        68         39       8696       8700       8694 
        73       8716         56       8713       8720 
        74         38       8717       8720       8713 
        76       8720       8717         39       8716 
        78       8726         42       8725       8729 
        79         45       8674       8729       8725 
        80       8729       8674         65       8726 
        86       8745         67       8673       8749 
        87         45       8746       8749       8673 
        88       8749       8746         41       8745 
        98       8746         45       8769       8775 
        99         29       8772       8775       8769 
       100       8775       8772         41       8746 
       102       8769         45       8779       8785 
       103         28       8782       8785       8779 
       104       8785       8782         29       8769 
       110       8801         51       8799       8805 
       111         66       8802       8805       8799 
       112       8805       8802         41       8801 
       118       8557         64       8820       8825 
       119         66       8799       8825       8820 
       120       8825       8799         51       8557 
       126       8842          3       8839       8846 
       127         27       8843       8846       8839 
       128       8846       8843          7       8842 
       130       8851          5       8850       8854 
       131         50       8663       8854       8850 
       132       8854       8663         49       8851 
       134       8859         49       8659       8862 
       135         63       8549       8862       8659 
       136       8862       8549         48       8859 
       138       8869         54       8866       8873 
       139         53       8870       8873       8866 
       140       8873       8870         35       8869 
       141       8850          5       8876       8882 
       142          1       8879       8882       8876 
       144       8882       8879         50       8850 
       146       8550         60       8570       8887 
       147         47       8886       8887       8570 
       148       8887       8886         48       8550 
       149       8892         59       8893       8898 
       151       8898       8569         60       8892 
       152         64       8569       8898       8893 
       153         56       8901       8905       8713 
       154       8900         38       8713       8905 
       155       8905       8901         52       8900 
       158       8901         56       8911       8917 
       159         62       8914       8917       8911 
       160       8917       8914         52       8901 
       174       8561         51       8945       8948 
       175         31       8539       8948       8945 
       176       8948       8539         47       8561 
       181       8961         53       8962       8966 
       183       8966       8662         50       8961 
       184         63       8662       8966       8962 
       185       8970         30       8971       8976 
       187       8976       8945         51       8970 
       188         31       8945       8976       8971 
       193       8725         42       8986       8989 
       195       8989       8779         45       8725 
       196         28       8779       8989       8986 
       206       8911         56       8641       9008 
       207         58       8631       9008       8641 
       208       9008       8631         62       8911 
       222       9036         61       8602       9038 
       223         55       8581       9038       8602 
       224       9038       8581         52       9036 
       230       9047         67       8745       9049 
       231         41       8802       9049       8745 
       232       9049       8802         66       9047 
       246       8670         67       9071       9074 
       247         69       8651       9074       9071 
       248       9074       8651         65       8670 
       258       9094         30       9093       9097 
       259         41       8772       9097       9093 
       260       9097       8772         29       9094 
       290       9155         68       9154       9158 
       291         62       8627       9158       9154 
       292       9158       8627         69       9155 
       293       8546         63       8962       9163 
       294         53       9161       9163       8962 
       296       9163       9161         60       8546 
       298       8535         32       9166       9169 
       299         48       8886       9169       9166 
       300       9169       8886         47       8535 
       306       8893         59       8620       9185 
       307         66       8820       9185       8620 
       308       9185       8820         64       8893 
       310       9191         61       9036       9194 
       311         52       8914       9194       9036 
       312       9194       8914         62       9191 
       317       9093         30       8970       9200 
       319       9200       8801         41       9093 
       320         51       8801       9200       8970 
       341       8527         43       9240       9244 
       343       9244       9241          7       8527 
       344          8       9241       9244       9240 
       346       8726         65       9247       9252 
       347         43       9249       9252       9247 
       348       9252       9249         42       8726 
       357         46       9255       9276       9274 
       358       9275          9       9274       9276 
       359       9276       9255         10       9275 
       361         44       8703       9281       9280 
       362       9240         43       9280       9281 
       363       9281       8703          8       9240 
       365         46       9274       9284       8588 
       366       9267         44       8588       9284 
       367       9284       9274          9       9267 
       374       9295         33       9294       9298 
       375         49       8859       9298       9294 
       376       9298       8859         48       9295 
       378       9303          2       9301       9306 
       379         49       9294       9306       9301 
       380       9306       9294         33       9303 
       382       8870         53       9309       9313 
       383         34       9311       9313       9309 
       384       9313       9311         35       8870 
       385       8879          1       9316       9320 
       386         34       9318       9320       9316 
       388       9320       9318         50       8879 
       393       8577         37       9332       9335 
       394         38       8900       9335       9332 
       396       9335       8900         52       8577 
       397         54       9338       9340       8866 
       398       9161         53       8866       9340 
       399       9340       9338         60       9161 
       414       8603         59       9357       9363 
       415         54       9360       9363       9357 
       416       9363       9360         55       8603 
       421         56       8716       9370       8638 
       422       8694         57       8638       9370 
       423       9370       8716         39       8694 
       442       9391         36       8611       9394 
       443         55       9360       9394       8611 
       444       9394       9360         54       9391 
       453         59       8892       9406       9357 
       454       9338         54       9357       9406 
       455       9406       8892         60       9338 
       470       9432         68       9431       9435 
       471         66       8617       9435       9431 
       472       9435       8617         61       9432 
       474       9249         43       9437       9441 
       475         27       9439       9441       9437 
       476       9441       9439         42       9249 
       478       9437         43       8527       9444 
       479          7       8843       9444       8527 
       480       9444       8843         27       9437 
       482       8703         44       9267       9448 
       483          9       9447       9448       9267 
       484       9448       9447          8       8703 
       486       9454         44       9280       9457 
       487         43       9247       9457       9280 
       488       9457       9247         65       9454 
       494       8592         44       9454       9467 
       495         65       8652       9467       9454 
       496       9467       8652         58       8592 
       498       9255         46       9469       9471 
       499         40       8681       9471       9469 
       500       9471       8681         10       9255 
       506       8642         57       9483       9486 
       507         46       8591       9486       9483 
       508       9486       8591         58       8642 
       558       9323          5       8851       9570 
       559         49       9301       9570       8851 
       560       9570       9301          2       9323 
       562       9573         33       9295       9575 
       563         48       9166       9575       9295 
       564       9575       9166         32       9573 
       578       9590         36       9391       9592 
       579         54       8869       9592       9391 
       580       9592       8869         35       9590 
       609       9318         34       9309       9630 
       610         53       8961       9630       9309 
       612       9630       8961         50       9318 
       646       8986         42       9439       9659 
       647         27       9657       9659       9439 
       648       9659       9657         28       8986 
       810       9431         68       9862       9867 
       811         67       9047       9867       9862 
       812       9867       9047         66       9431 
       814       9862         68       9155       9872 
       815         69       9071       9872       9155 
       816       9872       9071         67       9862 
       846       9154         68       9432       9902 
       847         61       9191       9902       9432 
       848       9902       9191         62       9154 
      1174       9483         57       8693      10183 
      1175         40       9469      10183       8693 
      1176      10183       9469         46       9483 
