      3549
61 8683 11 8680 8687
62 10 8684 8687 8680
64 8687 8684 4 8683
69 8704 20 8705 8711
71 8711 8707 8 8704
72 19 8707 8711 8705
82 8735 24 8732 8739
83 20 8736 8739 8732
84 8739 8736 23 8735
106 8791 23 8736 8795
107 20 8792 8795 8736
108 8795 8792 21 8791
114 8812 16 8809 8816
115 25 8813 8816 8809
116 8816 8813 15 8812
122 8832 26 8829 8835
123 25 8809 8835 8829
124 8835 8809 16 8832
125 8841 18 8838 8845
126 3 8842 8845 8838
128 8845 8842 7 8841
334 9224 26 9222 9228
335 18 9225 9228 9222
336 9228 9225 19 9224
342 8707 19 8528 9243
343 7 9241 9243 8528
344 9243 9241 8 8707
353 8792 20 9266 9272
355 9272 9268 21 8792
356 9 9268 9272 9266
358 9268 9 9275 9278
359 10 9259 9278 9275
360 9278 9259 21 9268
481 9266 20 8704 9449
483 9449 9447 9 9266
484 8 9447 9449 8704
502 9476 22 9475 9480
503 21 9477 9480 9475
504 9480 9477 11 9476
510 9491 23 9489 9495
511 22 9492 9495 9489
512 9495 9492 13 9491
518 8732 24 9504 9508
519 25 9506 9508 9504
520 9508 9506 20 8732
522 9489 23 8791 9511
523 21 9475 9511 8791
524 9511 9475 22 9489
537 9233 26 8832 9544
539 9544 9541 17 9233
540 16 9541 9544 8832
550 9557 14 9555 9560
551 24 8735 9560 9555
552 9560 8735 23 9557
642 9222 26 9233 9653
643 17 9652 9653 9233
644 9653 9652 18 9222
694 9555 14 9700 9705
695 15 9702 9705 9700
696 9705 9702 24 9555
930 8705 20 9506 9996
931 25 9993 9996 9506
932 9996 9993 19 8705
974 8829 26 9224 10044
975 19 9993 10044 9224
976 10044 9993 25 8829
1074 9504 24 9702 10124
1075 15 8813 10124 9702
1076 10124 8813 25 9504
1146 9225 18 8841 10170
1147 7 8528 10170 8841
1148 10170 8528 19 9225
1194 10196 22 9476 10198
1195 11 8938 10198 9476
1196 10198 8938 12 10196
1206 8680 11 9477 10204
1207 21 9259 10204 9477
1208 10204 9259 10 8680
1226 9492 22 10196 10216
1227 12 8925 10216 10196
1228 10216 8925 13 9492
1286 10252 14 9557 10256
1287 23 9491 10256 9557
1288 10256 9491 13 10252
1658 10657 137 10654 10661
1659 133 10658 10661 10654
1660 10661 10658 136 10657
1706 10753 134 10752 10756
1707 136 10658 10756 10752
1708 10756 10658 133 10753
1709 10760 135 10761 10766
1711 10766 10752 134 10760
1712 136 10752 10766 10761
1722 10782 137 10780 10786
1723 8 10783 10786 10780
1724 10786 10783 138 10782
1902 9275 9 11118 11124
1903 136 11121 11124 11118
1904 11124 11121 10 9275
2150 8842 3 10708 11533
2151 130 11532 11533 10708
2152 11533 11532 7 8842
2234 11669 135 11668 11672
2235 4 8684 11672 11668
2236 11672 8684 10 11669
2250 11689 132 11688 11692
2251 133 10654 11692 11688
2252 11692 10654 137 11689
2254 11696 132 11689 11699
2255 137 10782 11699 11689
2256 11699 10782 138 11696
2258 11537 131 11701 11704
2259 132 11696 11704 11701
2260 11704 11696 138 11537
2742 12308 137 10657 12310
2743 136 11118 12310 10657
2744 12310 11118 9 12308
2746 10780 137 12308 12313
2747 9 9447 12313 12308
2748 12313 9447 8 10780
2758 9241 7 12321 12323
2759 138 10783 12323 12321
2760 12323 10783 8 9241
2898 11532 130 11525 12445
2899 138 12321 12445 11525
2900 12445 12321 7 11532
2902 11537 138 11525 12448
2903 130 12447 12448 11525
2904 12448 12447 131 11537
3618 10761 135 11669 13116
3619 10 11121 13116 11669
3620 13116 11121 136 10761
4626 13777 321 13774 13781
4627 450 13778 13781 13774
4628 13781 13778 452 13777
4629 13787 366 13784 13791
4630 494 13788 13791 13784
4632 13791 13788 365 13787
4638 13806 597 13803 13810
4639 462 13807 13810 13803
4640 13810 13807 463 13806
4642 13817 889 13814 13821
4643 660 13818 13821 13814
4644 13821 13818 842 13817
4650 13839 697 13836 13843
4651 602 13840 13843 13836
4652 13843 13840 600 13839
4653 402 13847 13849 13846
4654 8683 4 13846 13849
4655 13849 13847 11 8683
4662 13864 305 13861 13868
4663 431 13865 13868 13861
4664 13868 13865 304 13864
4674 13897 647 13894 13901
4675 642 13898 13901 13894
4676 13901 13898 626 13897
4682 13919 556 13916 13923
4683 488 13920 13923 13916
4684 13923 13920 489 13919
4690 13941 848 13938 13945
4691 611 13942 13945 13938
4692 13945 13942 688 13941
4694 13952 517 13949 13956
4695 441 13953 13956 13949
4696 13956 13953 440 13952
4698 13963 626 13960 13967
4699 429 13964 13967 13960
4700 13967 13964 431 13963
4702 13974 559 13971 13978
4703 496 13975 13978 13971
4704 13978 13975 532 13974
4706 13985 747 13982 13989
4707 743 13986 13989 13982
4708 13989 13986 742 13985
4710 13996 511 13993 14000
4711 512 13997 14000 13993
4712 14000 13997 510 13996
4722 14029 835 14026 14033
4723 834 14030 14033 14026
4724 14033 14030 682 14029
4766 14149 561 14146 14153
4767 560 14150 14153 14146
4768 14153 14150 501 14149
4814 14272 891 14269 14276
4815 649 14273 14276 14269
4816 14276 14273 882 14272
4858 14354 892 14351 14358
4859 883 14355 14358 14351
4860 14358 14355 882 14354
4870 14376 418 14373 14380
4871 401 14377 14380 14373
4872 14380 14377 416 14376
4886 13814 889 14404 14410
4887 669 14407 14410 14404
4888 14410 14407 660 13814
4898 14429 839 14428 14432
4899 842 13818 14432 14428
4900 14432 13818 660 14429
4909 14450 406 14448 14452
4910 18 9652 14452 14448
4912 14452 9652 17 14450
4917 14467 407 14468 14474
4919 14474 14470 3 14467
4920 397 14470 14474 14468
4945 14514 410 14512 14516
4946 15 9700 14516 14512
4948 14516 9700 14 14514
4969 14553 403 14551 14555
4970 12 8938 14555 14551
4972 14555 8938 11 14553
4998 14598 378 14595 14602
4999 512 14599 14602 14595
5000 14602 14599 377 14598
5038 14668 378 14598 14672
5039 377 14669 14672 14598
5040 14672 14669 392 14668
5042 14679 380 14676 14683
5043 379 14680 14683 14676
5044 14683 14680 394 14679
5094 14767 405 14765 14771
5095 389 14768 14771 14765
5096 14771 14768 373 14767
5098 14768 389 14775 14781
5099 376 14778 14781 14775
5100 14781 14778 373 14768
5101 14726 407 14467 14784
5103 14784 8838 18 14726
5104 3 8838 14784 14467
5105 408 14787 14789 14786
5106 9541 16 14786 14789
5107 14789 14787 17 9541
5121 14448 406 14817 14819
5122 407 14726 14819 14817
5124 14819 14726 18 14448
5126 14804 407 14821 14825
5127 390 14823 14825 14821
5128 14825 14823 389 14804
5133 14835 409 14833 14837
5134 16 8812 14837 14833
5136 14837 8812 15 14835
5141 406 14450 14845 14844
5142 14787 408 14844 14845
5143 14845 14450 17 14787
5169 14880 411 14881 14884
5171 14884 10252 13 14880
5172 14 10252 14884 14881
5186 14904 393 14902 14908
5187 409 14905 14908 14902
5188 14908 14905 410 14904
5190 14915 405 14912 14919
5191 395 14916 14919 14912
5192 14919 14916 397 14915
5198 14916 395 14926 14930
5199 130 14928 14930 14926
5200 14930 14928 397 14916
5201 131 12447 14935 14933
5202 14926 395 14933 14935
5203 14935 12447 130 14926
5218 14964 399 14961 14968
5219 133 14965 14968 14961
5220 14968 14965 398 14964
5222 14972 134 10753 14974
5223 133 14961 14974 10753
5224 14974 14961 399 14972
5226 14981 400 14978 14984
5227 134 14972 14984 14978
5228 14984 14972 399 14981
5230 14989 401 14987 14993
5231 135 14990 14993 14987
5232 14993 14990 400 14989
5234 14990 135 10760 14998
5235 134 14978 14998 10760
5236 14998 14978 400 14990
5241 402 13846 15009 15008
5242 14941 401 15008 15009
5243 15009 13846 4 14941
5253 404 15019 15021 15018
5254 8925 12 15018 15021
5255 15021 15019 13 8925
5257 403 14553 15026 15025
5258 13847 402 15025 15026
5259 15026 14553 11 13847
5269 404 15018 15041 15040
5270 14551 403 15040 15041
5271 15041 15018 12 14551
5290 14765 405 14915 15063
5291 397 14460 15063 14915
5292 15063 14460 389 14765
5302 15077 414 15074 15081
5303 398 15078 15081 15074
5304 15081 15078 413 15077
5306 15088 413 15085 15092
5307 396 15089 15092 15085
5308 15092 15089 412 15088
5310 15099 374 15096 15103
5311 381 15100 15103 15096
5312 15103 15100 412 15099
5314 15110 695 15107 15114
5315 373 15111 15114 15107
5316 15114 15111 611 15110
5322 15124 413 15088 15126
5323 412 15100 15126 15088
5324 15126 15100 381 15124
5326 15133 382 15130 15136
5327 413 15124 15136 15130
5328 15136 15124 381 15133
5330 15143 415 15140 15147
5331 399 15144 15147 15140
5332 15147 15144 414 15143
5334 15140 415 15151 15154
5335 400 14981 15154 15151
5336 15154 14981 399 15140
5338 15160 384 15157 15164
5339 385 15161 15164 15157
5340 15164 15161 416 15160
5342 15171 383 15168 15175
5343 414 15172 15175 15168
5344 15175 15172 382 15171
5346 15180 417 15179 15183
5347 404 15040 15183 15179
5348 15183 15040 403 15180
5354 15193 418 15190 15197
5355 420 15194 15197 15190
5356 15197 15194 402 15193
5378 15226 388 15223 15230
5379 417 15227 15230 15223
5380 15230 15227 420 15226
5382 15236 419 15234 15240
5383 411 15237 15240 15234
5384 15240 15237 404 15236
5398 15267 375 15264 15271
5399 376 15268 15271 15264
5400 15271 15268 390 15267
5402 15276 391 15275 15279
5403 406 14844 15279 15275
5404 15279 14844 408 15276
5414 15295 392 15293 15299
5415 408 15296 15299 15293
5416 15299 15296 409 15295
5422 15310 391 15307 15313
5423 375 15267 15313 15307
5424 15313 15267 390 15310
5426 15320 377 15317 15323
5427 375 15307 15323 15317
5428 15323 15307 391 15320
5454 15293 392 15356 15359
5455 391 15276 15359 15356
5456 15359 15276 408 15293
5462 15369 668 15366 15372
5463 512 14595 15372 15366
5464 15372 14595 378 15369
5466 14902 393 15376 15379
5467 392 15295 15379 15376
5468 15379 15295 409 14902
5470 15384 394 15382 15388
5471 410 15385 15388 15382
5472 15388 15385 411 15384
5478 15376 393 15398 15401
5479 378 14668 15401 15398
5480 15401 14668 392 15376
5482 15408 669 15405 15412
5483 378 15409 15412 15405
5484 15412 15409 379 15408
5486 15417 394 14680 15421
5487 379 15418 15421 14680
5488 15421 15418 393 15417
5494 15382 394 15417 15428
5495 393 14904 15428 15417
5496 15428 14904 410 15382
5502 15437 419 15436 15440
5503 380 14679 15440 15436
5504 15440 14679 394 15437
5506 15445 419 15236 15448
5507 404 15179 15448 15236
5508 15448 15179 417 15445
5514 15223 388 15456 15462
5515 387 15459 15462 15456
5516 15462 15459 417 15223
5518 15130 382 15172 15468
5519 414 15077 15468 15172
5520 15468 15077 413 15130
5522 15472 588 15471 15475
5523 383 15171 15475 15471
5524 15475 15171 382 15472
5526 15481 326 15478 15485
5527 455 15482 15485 15478
5528 15485 15482 325 15481
5530 15492 499 15489 15496
5531 446 15493 15496 15489
5532 15496 15493 498 15492
5534 15503 296 15500 15507
5535 422 15504 15507 15500
5536 15507 15504 293 15503
5538 15514 428 15511 15518
5539 296 15515 15518 15511
5540 15518 15515 297 15514
5542 15524 428 15514 15528
5543 297 15525 15528 15514
5544 15528 15525 423 15524
5546 15535 299 15532 15539
5547 425 15536 15539 15532
5548 15539 15536 298 15535
5550 15546 300 15543 15550
5551 424 15547 15550 15543
5552 15550 15547 299 15546
5554 15557 623 15554 15561
5555 575 15558 15561 15554
5556 15561 15558 622 15557
5558 15536 425 15565 15571
5559 423 15568 15571 15565
5560 15571 15568 298 15536
5562 15532 299 15547 15580
5563 424 15577 15580 15547
5564 15580 15577 425 15532
5566 15543 300 15584 15590
5567 427 15587 15590 15584
5568 15590 15587 424 15543
5574 15607 304 13865 15610
5575 431 13964 15610 13865
5576 15610 13964 429 15607
5578 15617 445 15614 15621
5579 303 15618 15621 15614
5580 15621 15618 429 15617
5582 13861 305 15625 15631
5583 430 15628 15631 15625
5584 15631 15628 431 13861
5586 15638 442 15635 15642
5587 307 15639 15642 15635
5588 15642 15639 432 15638
5590 15649 310 15646 15653
5591 435 15650 15653 15646
5592 15653 15650 309 15649
5594 15660 308 15657 15663
5595 432 15639 15663 15657
5596 15663 15639 307 15660
5598 15670 309 15667 15674
5599 433 15671 15674 15667
5600 15674 15671 308 15670
5602 15681 640 15678 15685
5603 639 15682 15685 15678
5604 15685 15682 822 15681
5606 15650 435 15689 15694
5607 433 15667 15694 15689
5608 15694 15667 309 15650
5610 15701 311 15698 15705
5611 434 15702 15705 15698
5612 15705 15702 310 15701
5614 15646 310 15702 15714
5615 434 15711 15714 15702
5616 15714 15711 435 15646
5618 15721 526 15718 15725
5619 514 15722 15725 15718
5620 15725 15722 525 15721
5621 15731 311 15728 15735
5622 312 15732 15735 15728
5624 15735 15732 437 15731
5626 15743 638 15740 15747
5627 514 15744 15747 15740
5628 15747 15744 513 15743
5634 15761 318 15758 15765
5635 441 15762 15765 15758
5636 15765 15762 317 15761
5638 15772 320 15769 15776
5639 452 15773 15776 15769
5640 15776 15773 453 15772
5642 15783 444 15780 15787
5643 316 15784 15787 15780
5644 15787 15784 439 15783
5646 15794 317 15791 15797
5647 439 15784 15797 15791
5648 15797 15784 316 15794
5650 15758 318 15801 15806
5651 440 13953 15806 15801
5652 15806 13953 441 15758
5654 15813 306 15810 15816
5655 307 15635 15816 15810
5656 15816 15635 442 15813
5662 15698 311 15731 15836
5663 437 15833 15836 15731
5664 15836 15833 434 15698
5666 15843 313 15840 15847
5667 314 15844 15847 15840
5668 15847 15844 443 15843
5670 15853 443 15844 15857
5671 314 15854 15857 15844
5672 15857 15854 438 15853
5674 15864 625 15861 15867
5675 443 15853 15867 15861
5676 15867 15853 438 15864
5678 15873 313 15843 15877
5679 443 15874 15877 15843
5680 15877 15874 436 15873
5682 15780 444 15881 15887
5683 315 15884 15887 15881
5684 15887 15884 316 15780
5686 15894 530 15891 15897
5687 444 15783 15897 15891
5688 15897 15783 439 15894
5689 15614 445 15902 15908
5691 15908 15904 303 15614
5692 302 15904 15908 15902
5694 15914 446 15911 15917
5695 293 15504 15917 15911
5696 15917 15504 422 15914
5698 15924 372 15921 15927
5699 293 15911 15927 15921
5700 15927 15911 446 15924
5702 15934 447 15931 15938
5703 370 15935 15938 15931
5704 15938 15935 371 15934
5706 15945 369 15942 15949
5707 501 15946 15949 15942
5708 15949 15946 532 15945
5710 15956 500 15953 15960
5711 499 15957 15960 15953
5712 15960 15957 562 15956
5714 15967 448 15964 15971
5715 421 15968 15971 15964
5716 15971 15968 324 15967
5718 15978 294 15975 15982
5719 449 15979 15982 15975
5720 15982 15979 440 15978
5722 15989 528 15986 15993
5723 527 15990 15993 15986
5724 15993 15990 451 15989
5726 16000 815 15997 16004
5727 689 16001 16004 15997
5728 16004 16001 690 16000
5730 16011 520 16008 16015
5731 449 16012 16015 16008
5732 16015 16012 453 16011
5733 16020 454 16021 16027
5735 16027 16023 323 16020
5736 322 16023 16027 16021
5738 16033 319 16030 16036
5739 453 16012 16036 16030
5740 16036 16012 449 16033
5742 16043 609 16040 16047
5743 448 16044 16047 16040
5744 16047 16044 455 16043
5746 16054 325 16051 16057
5747 448 15967 16057 16051
5748 16057 15967 324 16054
5750 16051 325 15482 16065
5751 455 16044 16065 15482
5752 16065 16044 448 16051
5754 15478 326 16069 16075
5755 456 16072 16075 16069
5756 16075 16072 455 15478
5766 16104 327 16101 16108
5767 457 16105 16108 16101
5768 16108 16105 456 16104
5770 16115 332 16112 16119
5771 462 16116 16119 16112
5772 16119 16116 461 16115
5778 16136 329 16133 16140
5779 458 16137 16140 16133
5780 16140 16137 328 16136
5782 16147 603 16144 16151
5783 459 16148 16151 16144
5784 16151 16148 602 16147
5786 16133 329 16155 16161
5787 459 16158 16161 16155
5788 16161 16158 458 16133
5790 16168 330 16165 16171
5791 459 16155 16171 16165
5792 16171 16155 329 16168
5798 16165 330 16186 16191
5799 460 16188 16191 16186
5800 16191 16188 459 16165
5801 331 16195 16198 16194
5802 16186 330 16194 16198
5803 16198 16195 460 16186
5806 16206 599 16204 16209
5807 461 16116 16209 16204
5808 16209 16116 462 16206
5814 16220 333 16217 16223
5815 462 16112 16223 16217
5816 16223 16112 332 16220
5818 16230 334 16227 16234
5819 463 16231 16234 16227
5820 16234 16231 333 16230
5822 16241 335 16238 16245
5823 464 16242 16245 16238
5824 16245 16242 334 16241
5826 16227 334 16242 16254
5827 464 16251 16254 16242
5828 16254 16251 463 16227
5830 16261 703 16258 16265
5831 593 16262 16265 16258
5832 16265 16262 590 16261
5834 16272 336 16269 16276
5835 465 16273 16276 16269
5836 16276 16273 466 16272
5842 16294 337 16291 16298
5843 467 16295 16298 16291
5844 16298 16295 465 16294
5846 16305 338 16302 16309
5847 468 16306 16309 16302
5848 16309 16306 467 16305
5850 16316 589 16313 16319
5851 467 16306 16319 16313
5852 16319 16306 468 16316
5854 16325 338 16305 16328
5855 467 16291 16328 16305
5856 16328 16291 337 16325
5858 16335 339 16332 16338
5859 468 16302 16338 16332
5860 16338 16302 338 16335
5862 16345 534 16342 16349
5863 468 16346 16349 16342
5864 16349 16346 469 16345
5866 16332 339 16353 16358
5867 469 16346 16358 16353
5868 16358 16346 468 16332
5870 16365 340 16362 16369
5871 471 16366 16369 16362
5872 16369 16366 469 16365
5874 16376 342 16373 16380
5875 470 16377 16380 16373
5876 16380 16377 341 16376
5878 16373 342 16384 16390
5879 472 16387 16390 16384
5880 16390 16387 470 16373
5882 16397 343 16394 16400
5883 472 16384 16400 16394
5884 16400 16384 342 16397
5886 16407 539 16404 16411
5887 542 16408 16411 16404
5888 16411 16408 702 16407
5890 16418 346 16415 16422
5891 475 16419 16422 16415
5892 16422 16419 476 16418
5894 16429 344 16426 16433
5895 474 16430 16433 16426
5896 16433 16430 473 16429
5898 16440 345 16437 16444
5899 476 16441 16444 16437
5900 16444 16441 474 16440
5902 16451 347 16448 16454
5903 475 16415 16454 16448
5904 16454 16415 346 16451
5910 16472 350 16469 16476
5911 479 16473 16476 16469
5912 16476 16473 349 16472
5914 16483 581 16480 16487
5915 582 16484 16487 16480
5916 16487 16484 477 16483
5918 16493 348 16491 16497
5919 478 16494 16497 16491
5920 16497 16494 477 16493
5922 16504 546 16501 16508
5923 478 16505 16508 16501
5924 16508 16505 479 16504
5926 16515 354 16512 16519
5927 484 16516 16519 16512
5928 16519 16516 483 16515
5930 16524 349 16473 16527
5931 479 16505 16527 16473
5932 16527 16505 478 16524
5934 16534 548 16531 16538
5935 481 16535 16538 16531
5936 16538 16535 480 16534
5938 16545 704 16542 16549
5939 544 16546 16549 16542
5940 16549 16546 547 16545
5942 16556 352 16553 16560
5943 482 16557 16560 16553
5944 16560 16557 480 16556
5946 16567 353 16564 16570
5947 482 16553 16570 16564
5948 16570 16553 352 16567
5950 16564 353 16574 16580
5951 483 16577 16580 16574
5952 16580 16577 482 16564
5954 16586 354 16515 16589
5955 483 16574 16589 16515
5956 16589 16574 353 16586
5958 16596 355 16593 16600
5959 486 16597 16600 16593
5960 16600 16597 484 16596
5962 16607 357 16604 16611
5963 485 16608 16611 16604
5964 16611 16608 356 16607
5966 16618 574 16615 16622
5967 485 16619 16622 16615
5968 16622 16619 487 16618
5970 16604 357 16626 16631
5971 487 16619 16631 16626
5972 16631 16619 485 16604
5974 16638 358 16635 16642
5975 488 16639 16642 16635
5976 16642 16639 487 16638
5978 16649 359 16646 16652
5979 488 16635 16652 16646
5980 16652 16635 358 16649
5986 16669 364 16666 16673
5987 365 16670 16673 16666
5988 16673 16670 495 16669
5990 16680 360 16677 16684
5991 489 16681 16684 16677
5992 16684 16681 359 16680
5998 16677 360 16699 16705
5999 491 16702 16705 16699
6000 16705 16702 489 16677
6010 16734 363 16731 16738
6011 493 16735 16738 16731
6012 16738 16735 492 16734
6014 16744 364 16669 16748
6015 495 16745 16748 16669
6016 16748 16745 493 16744
6022 16765 583 16762 16769
6023 557 16766 16769 16762
6024 16769 16766 558 16765
6026 16776 368 16773 16779
6027 532 13975 16779 16773
6028 16779 13975 496 16776
6030 16785 498 15493 16788
6031 446 15914 16788 15493
6032 16788 15914 422 16785
6034 15953 500 16792 16795
6035 446 15489 16795 16792
6036 16795 15489 499 15953
6038 16801 372 16798 16805
6039 500 16802 16805 16798
6040 16805 16802 371 16801
6042 16802 500 16809 16814
6043 447 15934 16814 16809
6044 16814 15934 371 16802
6046 16809 500 15956 16823
6047 562 16820 16823 15956
6048 16823 16820 447 16809
6050 16830 501 16827 16833
6051 370 15931 16833 16827
6052 16833 15931 447 16830
6054 16840 575 16837 16843
6055 425 15577 16843 16837
6056 16843 15577 424 16840
6058 16850 504 16847 16854
6059 503 16851 16854 16847
6060 16854 16851 499 16850
6066 16872 810 16869 16876
6067 682 16873 16876 16869
6068 16876 16873 622 16872
6070 16883 509 16880 16887
6071 507 16884 16887 16880
6072 16887 16884 508 16883
6078 15366 668 16901 16904
6079 510 13997 16904 16901
6080 16904 13997 512 15366
6090 13993 511 16921 16926
6091 377 14599 16926 16921
6092 16926 14599 512 13993
6094 16933 513 16930 16936
6095 436 15874 16936 16930
6096 16936 15874 443 16933
6098 16943 817 16940 16947
6099 636 16944 16947 16940
6100 16947 16944 634 16943
6102 16954 517 16951 16958
6103 515 16955 16958 16951
6104 16958 16955 516 16954
6106 16965 628 16962 16968
6107 625 15864 16968 16962
6108 16968 15864 438 16965
6110 13949 517 16954 16973
6111 516 16971 16973 16954
6112 16973 16971 441 13949
6114 16980 632 16977 16983
6115 515 16951 16983 16977
6116 16983 16951 517 16980
6118 16989 632 16980 16993
6119 517 16990 16993 16980
6120 16993 16990 519 16989
6122 17000 629 16997 17004
6123 518 17001 17004 16997
6124 17004 17001 520 17000
6126 17011 522 17008 17015
6127 521 17012 17015 17008
6128 17015 17012 432 17011
6134 17032 524 17030 17036
6135 442 17033 17036 17030
6136 17036 17033 521 17032
6138 17043 635 17040 17047
6139 627 17044 17047 17040
6140 17047 17044 435 17043
6146 17064 528 15989 17068
6147 451 17065 17068 15989
6148 17068 17065 450 17064
6150 17071 530 15894 17073
6151 439 16891 17073 15894
6152 17073 16891 516 17071
6154 17079 621 17076 17082
6155 428 15524 17082 17076
6156 17082 15524 423 17079
6158 17089 654 17086 17093
6159 504 17090 17093 17086
6160 17093 17090 498 17089
6162 16773 368 17097 17102
6163 369 15945 17102 17097
6164 17102 15945 532 16773
6166 16798 372 15924 17110
6167 446 16792 17110 15924
6168 17110 16792 500 16798
6174 17121 533 17118 17124
6175 453 15773 17124 17118
6176 17124 15773 452 17121
6178 17131 679 17128 17135
6179 629 17132 17135 17128
6180 17135 17132 533 17131
6182 17142 335 17139 17145
6183 336 16272 17145 17139
6184 17145 16272 466 17142
6186 16362 340 17149 17155
6187 341 17152 17155 17149
6188 17155 17152 471 16362
6190 17161 345 16440 17164
6191 474 16426 17164 16440
6192 17164 16426 344 17161
6194 16437 345 17168 17173
6195 346 16418 17173 17168
6196 17173 16418 476 16437
6198 17180 590 17177 17183
6199 465 16295 17183 17177
6200 17183 16295 467 17180
6202 17190 538 17187 17194
6203 471 17191 17194 17187
6204 17194 17191 470 17190
6210 17212 537 17209 17216
6211 535 17213 17216 17209
6212 17216 17213 534 17212
6214 17222 593 17220 17225
6215 466 16273 17225 17220
6216 17225 16273 465 17222
6218 17232 589 17229 17236
6219 534 17233 17236 17229
6220 17236 17233 536 17232
6222 16469 350 17240 17246
6223 481 17243 17246 17240
6224 17246 17243 479 16469
6226 17250 537 17212 17253
6227 534 16345 17253 17212
6228 17253 16345 469 17250
6230 17187 538 17256 17262
6231 537 17259 17262 17256
6232 17262 17259 471 17187
6234 17268 355 16596 17271
6235 484 16512 17271 16596
6236 17271 16512 354 17268
6238 16593 355 17275 17281
6239 356 17278 17281 17275
6240 17281 17278 486 16593
6242 17288 605 17285 17292
6243 586 17289 17292 17285
6244 17292 17289 540 17288
6246 17299 543 17296 17303
6247 542 17300 17303 17296
6248 17303 17300 476 17299
6250 16404 539 17306 17310
6251 541 17308 17310 17306
6252 17310 17308 542 16404
6254 17316 542 17308 17320
6255 541 17317 17320 17308
6256 17320 17317 474 17316
6258 17296 543 17324 17327
6259 702 16408 17327 17324
6260 17327 16408 542 17296
6270 17353 547 17352 17356
6271 546 16504 17356 17352
6272 17356 16504 479 17353
6274 17362 754 17359 17366
6275 749 17363 17366 17359
6276 17366 17363 748 17362
6278 17373 578 17370 17376
6279 482 16577 17376 17370
6280 17376 16577 483 17373
6282 17383 551 17380 17386
6283 483 16516 17386 17380
6284 17386 16516 484 17383
6286 17392 553 17390 17396
6287 486 17393 17396 17390
6288 17396 17393 485 17392
6290 17403 744 17400 17407
6291 550 17404 17407 17400
6292 17407 17404 549 17403
6294 17414 552 17411 17418
6295 549 17415 17418 17411
6296 17418 17415 551 17414
6298 17422 552 17414 17425
6299 551 17383 17425 17414
6300 17425 17383 484 17422
6302 17431 708 17428 17435
6303 552 17432 17435 17428
6304 17435 17432 553 17431
6306 17390 553 17432 17444
6307 552 17441 17444 17432
6308 17444 17441 486 17390
6310 17451 566 17448 17455
6311 490 17452 17455 17448
6312 17455 17452 492 17451
6314 17462 570 17459 17466
6315 491 17463 17466 17459
6316 17466 17463 490 17462
6318 17473 558 17470 17477
6319 497 17474 17477 17470
6320 17477 17474 496 17473
6322 17484 564 17481 17487
6323 493 16745 17487 17481
6324 17487 16745 495 17484
6330 17501 684 17498 17505
6331 558 17502 17505 17498
6332 17505 17502 559 17501
6334 13971 559 17502 17511
6335 558 17473 17511 17502
6336 17511 17473 496 13971
6338 17515 560 17514 17518
6339 559 13974 17518 17514
6340 17518 13974 532 17515
6342 17522 561 14149 17525
6343 501 16830 17525 14149
6344 17525 16830 447 17522
6346 17531 720 17529 17535
6347 563 17532 17535 17529
6348 17535 17532 557 17531
6354 17551 564 17484 17555
6355 495 17552 17555 17484
6356 17555 17552 563 17551
6362 17571 686 17568 17575
6363 620 17572 17575 17568
6364 17575 17572 503 17571
6366 17582 741 17579 17586
6367 569 17583 17586 17579
6368 17586 17583 568 17582
6370 17590 570 17462 17593
6371 490 17448 17593 17462
6372 17593 17448 566 17590
6374 17597 571 17596 17600
6375 556 13919 17600 17596
6376 17600 13919 489 17597
6378 17606 591 17603 17609
6379 570 17590 17609 17603
6380 17609 17590 566 17606
6382 17616 712 17613 17620
6383 554 17617 17620 17613
6384 17620 17617 571 17616
6390 17637 572 17634 17641
6391 388 17638 17641 17634
6392 17641 17638 386 17637
6394 17648 740 17645 17652
6395 742 17649 17652 17645
6396 17652 17649 713 17648
6398 16615 574 17655 17657
6399 553 17392 17657 17655
6400 17657 17392 485 16615
6402 17663 719 17660 17666
6403 564 17551 17666 17660
6404 17666 17551 563 17663
6410 17683 576 17681 17687
6411 566 17684 17687 17681
6412 17687 17684 565 17683
6418 17704 712 17701 17707
6419 570 17603 17707 17701
6420 17707 17603 591 17704
6426 17721 758 17718 17725
6427 730 17722 17725 17718
6428 17725 17722 718 17721
6430 17732 592 17729 17736
6431 578 17733 17736 17729
6432 17736 17733 550 17732
6434 17740 578 17373 17742
6435 483 17380 17742 17373
6436 17742 17380 551 17740
6438 17733 578 17740 17750
6439 551 17747 17750 17740
6440 17750 17747 550 17733
6442 17755 579 17754 17758
6443 548 16534 17758 17754
6444 17758 16534 480 17755
6446 17764 580 17761 17768
6447 577 17765 17768 17761
6448 17768 17765 385 17764
6454 17781 713 17779 17784
6455 553 17655 17784 17779
6456 17784 17655 574 17781
6462 17802 586 17799 17806
6463 473 17803 17806 17799
6464 17806 17803 541 17802
6466 17811 587 17810 17814
6467 538 17190 17814 17810
6468 17814 17190 470 17811
6470 15471 588 17817 17823
6471 585 17820 17823 17817
6472 17823 17820 383 15471
6474 17828 594 17827 17831
6475 382 15133 17831 17827
6476 17831 15133 381 17828
6478 17229 589 16316 17835
6479 468 16342 17835 16316
6480 17835 16342 534 17229
6482 17841 590 17180 17844
6483 467 16313 17844 17180
6484 17844 16313 589 17841
6486 17729 592 17848 17854
6487 579 17851 17854 17848
6488 17854 17851 578 17729
6490 17861 596 17858 17864
6491 463 16251 17864 17858
6492 17864 16251 464 17861
6494 17869 601 17868 17872
6495 381 15096 17872 17868
6496 17872 15096 374 17869
6498 17878 545 17875 17882
6499 581 17879 17882 17875
6500 17882 17879 546 17878
6502 17868 601 17886 17891
6503 594 17828 17891 17886
6504 17891 17828 381 17868
6506 17898 698 17895 17902
6507 600 17899 17902 17895
6508 17902 17899 599 17898
6514 17920 704 17917 17924
6515 548 17921 17924 17917
6516 17924 17921 604 17920
6518 17931 656 17928 17935
6519 607 17932 17935 17928
6520 17935 17932 606 17931
6522 17932 607 17939 17945
6523 457 17942 17945 17939
6524 17945 17942 606 17932
6526 17952 631 17949 17956
6527 608 17953 17956 17949
6528 17956 17953 607 17952
6530 17962 610 17960 17965
6531 421 15964 17965 17960
6532 17965 15964 448 17962
6542 17990 611 15111 17993
6543 373 14778 17993 15111
6544 17993 14778 376 17990
6546 17999 806 17996 18002
6547 601 17869 18002 17996
6548 18002 17869 374 17999
6550 18009 771 18006 18013
6551 770 18010 18013 18006
6552 18013 18010 782 18009
6554 18019 694 18017 18023
6555 595 18020 18023 18017
6556 18023 18020 593 18019
6558 18029 613 18027 18032
6559 590 17841 18032 18027
6560 18032 17841 589 18029
6562 18038 614 18036 18042
6563 529 18039 18042 18036
6564 18042 18039 528 18038
6566 18049 765 18046 18053
6567 615 18050 18053 18046
6568 18053 18050 605 18049
6570 18059 616 18057 18063
6571 599 18060 18063 18057
6572 18063 18060 597 18059
6582 18092 630 18089 18096
6583 610 18093 18096 18089
6584 18096 18093 609 18092
6586 18103 699 18100 18107
6587 616 18104 18107 18100
6588 18107 18104 619 18103
6590 18114 620 18111 18118
6591 567 18115 18118 18111
6592 18118 18115 561 18114
6594 18111 620 18121 18127
6595 568 18124 18127 18121
6596 18127 18124 567 18111
6598 17076 621 18131 18137
6599 531 18134 18137 18131
6600 18137 18134 428 17076
6602 18142 623 18141 18145
6603 621 17079 18145 18141
6604 18145 17079 423 18142
6606 18151 648 18148 18155
6607 505 18152 18155 18148
6608 18155 18152 642 18151
6610 15861 625 18158 18161
6611 513 16933 18161 18158
6612 18161 16933 443 15861
6614 18168 634 18165 18172
6615 628 18169 18172 18165
6616 18172 18169 530 18168
6618 18176 638 15743 18179
6619 513 18177 18179 15743
6620 18179 18177 637 18176
6622 18186 627 18183 18190
6623 522 18187 18190 18183
6624 18190 18187 433 18186
6626 18169 628 18194 18199
6627 444 15891 18199 18194
6628 18199 15891 530 18169
6638 18227 636 18225 18230
6639 625 16962 18230 18225
6640 18230 16962 628 18227
6642 18237 633 18234 18240
6643 530 17071 18240 18234
6644 18240 17071 516 18237
6646 18247 804 18244 18251
6647 634 18248 18251 18244
6648 18251 18248 633 18247
6650 18248 634 18168 18257
6651 530 18234 18257 18168
6652 18257 18234 633 18248
6658 18271 639 18270 18274
6659 526 15721 18274 18270
6660 18274 15721 525 18271
6662 18280 670 18277 18284
6663 637 18281 18284 18277
6664 18284 18281 636 18280
6666 18291 825 18288 18295
6667 822 18292 18295 18288
6668 18295 18292 823 18291
6670 18270 639 18298 18302
6671 635 18300 18302 18298
6672 18302 18300 526 18270
6674 15678 640 18306 18310
6675 635 18298 18310 18306
6676 18310 18298 639 15678
6678 18317 641 18314 18321
6679 430 18318 18321 18314
6680 18321 18318 524 18317
6682 18326 641 18325 18329
6683 626 13963 18329 18325
6684 18329 13963 431 18326
6686 18335 644 18332 18339
6687 524 18336 18339 18332
6688 18339 18336 523 18335
6690 18346 643 18343 18350
6691 523 18347 18350 18343
6692 18350 18347 521 18346
6694 18343 643 18354 18360
6695 507 18357 18360 18354
6696 18360 18357 523 18343
6706 18389 646 18386 18393
6707 624 18390 18393 18386
6708 18393 18390 506 18389
6722 18429 661 18426 18432
6723 379 14676 18432 18426
6724 18432 14676 380 18429
6730 14273 649 18443 18448
6731 892 14354 18448 18443
6732 18448 14354 882 14273
6734 18454 809 18452 18458
6735 387 18455 18458 18452
6736 18458 18455 723 18454
6738 18465 650 18462 18469
6739 649 18466 18469 18462
6740 18469 18466 380 18465
6742 18475 650 18465 18479
6743 380 18476 18479 18465
6744 18479 18476 387 18475
6746 18485 652 18483 18488
6747 621 18141 18488 18483
6748 18488 18141 623 18485
6750 18495 834 18492 18499
6751 653 18496 18499 18492
6752 18499 18496 652 18495
6754 18506 658 18503 18509
6755 504 17086 18509 18503
6756 18509 17086 654 18506
6758 18515 657 18513 18519
6759 654 18516 18519 18513
6760 18519 18516 653 18515
6766 18530 661 18429 18533
6767 380 18466 18533 18429
6768 18533 18466 649 18530
6770 18539 661 18536 18543
6771 659 18540 18543 18536
6772 18543 18540 660 18539
6774 18550 890 18547 18554
6775 840 18551 18554 18547
6776 18554 18551 659 18550
6778 18561 811 18558 18565
6779 647 18562 18565 18558
6780 18565 18562 645 18561
6786 15405 669 18580 18583
6787 668 15369 18583 18580
6788 18583 15369 378 15405
6790 14407 669 15408 18591
6791 379 18588 18591 15408
6792 18591 18588 660 14407
6794 18598 673 18595 18602
6795 633 18599 18602 18595
6796 18602 18599 515 18598
6798 18609 820 18606 18613
6799 525 18610 18613 18606
6800 18613 18610 638 18609
6802 18620 680 18617 18623
6803 515 16977 18623 18617
6804 18623 16977 632 18620
6806 18630 675 18627 18634
6807 671 18631 18634 18627
6808 18634 18631 670 18630
6814 18652 818 18649 18655
6815 671 18627 18655 18649
6816 18655 18627 675 18652
6822 18673 680 18670 18677
6823 676 18674 18677 18670
6824 18677 18674 674 18673
6826 18683 690 16001 18687
6827 689 18684 18687 16001
6828 18687 18684 679 18683
6830 18693 680 18620 18697
6831 632 18694 18697 18620
6832 18697 18694 677 18693
6834 18670 680 18693 18703
6835 677 18701 18703 18693
6836 18703 18701 676 18670
6838 18709 681 18707 18712
6839 603 16147 18712 18707
6840 18712 16147 602 18709
6842 18717 687 18716 18720
6843 656 17931 18720 18716
6844 18720 17931 606 18717
6846 18726 684 18723 18730
6847 722 18727 18730 18723
6848 18730 18727 583 18726
6850 17498 684 18726 18738
6851 583 16765 18738 18726
6852 18738 16765 558 17498
6854 18745 808 18742 18749
6855 685 18746 18749 18742
6856 18749 18746 658 18745
6858 18756 788 18753 18760
6859 687 18757 18760 18753
6860 18760 18757 681 18756
6862 18765 688 18764 18768
6863 376 15264 18768 18764
6864 18768 15264 375 18765
6866 18774 815 18771 18778
6867 676 18775 18778 18771
6868 18778 18775 678 18774
6870 18785 691 18782 18789
6871 655 18786 18789 18782
6872 18789 18786 630 18785
6874 18796 816 18793 18800
6875 690 18797 18800 18793
6876 18800 18797 802 18796
6878 18807 880 18804 18811
6879 845 18808 18811 18804
6880 18811 18808 850 18807
6886 18828 783 18825 18832
6887 698 18829 18832 18825
6888 18832 18829 616 18828
6890 15107 695 18836 18842
6891 374 18839 18842 18836
6892 18842 18839 373 15107
6894 18849 696 18846 18852
6895 537 17256 18852 18846
6896 18852 17256 538 18849
6898 13836 697 18855 18857
6899 681 18709 18857 18855
6900 18857 18709 602 13836
6902 18863 780 18860 18867
6903 618 18864 18867 18860
6904 18867 18864 694 18863
6906 18874 806 18871 18878
6907 695 18875 18878 18871
6908 18878 18875 795 18874
6922 18917 858 18914 18921
6923 762 18918 18921 18914
6924 18921 18918 754 18917
6926 18928 706 18925 18932
6927 705 18929 18932 18925
6928 18932 18929 540 18928
6934 17779 713 18942 18944
6935 708 17431 18944 18942
6936 18944 17431 553 17779
6938 18950 743 18947 18954
6939 549 18951 18954 18947
6940 18954 18951 708 18950
6942 17701 712 17616 18960
6943 571 18958 18960 17616
6944 18960 18958 570 17701
6950 18942 713 17649 18976
6951 742 18974 18976 17649
6952 18976 18974 708 18942
6954 18983 736 18980 18987
6955 731 18984 18987 18980
6956 18987 18984 572 18983
6966 17660 719 19012 19016
6967 709 19014 19016 19012
6968 19016 19014 564 17660
6970 19023 726 19020 19027
6971 716 19024 19027 19020
6972 19027 19024 709 19023
6974 17529 720 19031 19036
6975 719 17663 19036 19031
6976 19036 17663 563 17529
6978 19043 725 19040 19046
6979 719 19031 19046 19040
6980 19046 19031 720 19043
6982 19052 721 19050 19056
6983 720 19053 19056 19050
6984 19056 19053 583 19052
6986 19059 723 18455 19061
6987 387 15456 19061 18455
6988 19061 15456 388 19059
6990 19067 724 19064 19071
6991 684 19068 19071 19064
6992 19071 19068 683 19067
6994 19064 724 19074 19077
6995 722 18723 19077 19074
6996 19077 18723 684 19064
7006 19104 728 19101 19108
7007 721 19105 19108 19101
7008 19108 19105 722 19104
7010 19101 728 19112 19118
7011 725 19115 19118 19112
7012 19118 19115 721 19101
7014 19122 728 19104 19125
7015 722 19123 19125 19104
7016 19125 19123 727 19122
7026 18980 736 19146 19150
7027 735 19148 19150 19146
7028 19150 19148 731 18980
7034 19164 881 19161 19168
7035 733 19165 19168 19161
7036 19168 19165 732 19164
7038 19175 733 19172 19178
7039 723 19059 19178 19172
7040 19178 19059 388 19175
7042 19184 747 13985 19187
7043 742 17645 19187 13985
7044 19187 17645 740 19184
7046 19148 735 19191 19197
7047 732 19194 19197 19191
7048 19197 19194 731 19148
7054 19211 737 19208 19214
7055 735 19146 19214 19208
7056 19214 19146 736 19211
7058 19221 865 19218 19224
7059 735 19208 19224 19218
7060 19224 19208 737 19221
7062 19231 746 19228 19235
7063 739 19232 19235 19228
7064 19235 19232 738 19231
7066 19242 741 19239 19246
7067 727 19243 19246 19239
7068 19246 19243 724 19242
7070 19252 745 19250 19255
7071 592 17732 19255 19250
7072 19255 17732 550 19252
7074 19262 748 19259 19266
7075 604 19263 19266 19259
7076 19266 19263 592 19262
7078 19270 744 17403 19272
7079 549 18947 19272 17403
7080 19272 18947 743 19270
7082 19278 749 19276 19281
7083 704 17920 19281 19276
7084 19281 17920 604 19278
7086 19288 860 19285 19292
7087 747 19289 19292 19285
7088 19292 19289 746 19288
7090 19299 750 19296 19303
7091 745 19300 19303 19296
7092 19303 19300 744 19299
7098 19319 754 17362 19323
7099 748 19320 19323 17362
7100 19323 19320 745 19319
7102 19328 750 19327 19331
7103 743 13982 19331 19327
7104 19331 13982 747 19328
7114 19355 754 19319 19357
7115 745 19296 19357 19319
7116 19357 19296 750 19355
7118 19362 761 19360 19366
7119 751 19363 19366 19360
7120 19366 19363 749 19362
7121 19372 757 19369 19376
7122 756 19373 19376 19369
7124 19376 19373 710 19372
7126 19384 868 19381 19387
7127 710 19373 19387 19381
7128 19387 19373 756 19384
7130 19285 860 19391 19397
7131 859 19394 19397 19391
7132 19397 19394 747 19285
7134 19404 766 19401 19408
7135 762 19405 19408 19401
7136 19408 19405 756 19404
7138 19413 758 19412 19416
7139 746 19231 19416 19412
7140 19416 19231 738 19413
7142 19422 759 19419 19426
7143 612 19423 19426 19419
7144 19426 19423 755 19422
7150 19444 764 19441 19447
7151 759 19422 19447 19441
7152 19447 19422 755 19444
7158 19464 766 19461 19468
7159 757 19465 19468 19461
7160 19468 19465 585 19464
7166 19485 768 19482 19489
7167 707 19486 19489 19482
7168 19489 19486 706 19485
7170 19496 765 19493 19500
7171 705 19497 19500 19493
7172 19500 19497 707 19496
7174 19507 767 19504 19511
7175 696 19508 19511 19504
7176 19511 19508 615 19507
7178 19461 766 19404 19516
7179 756 19369 19516 19404
7180 19516 19369 757 19461
7182 19401 766 19520 19526
7183 760 19523 19526 19520
7184 19526 19523 762 19401
7186 19530 767 19507 19533
7187 615 18046 19533 19507
7188 19533 18046 765 19530
7190 19536 768 19485 19539
7191 706 19537 19539 19485
7192 19539 19537 763 19536
7194 19546 803 19543 19550
7195 769 19547 19550 19543
7196 19550 19547 767 19546
7198 19557 778 19554 19561
7199 777 19558 19561 19554
7200 19561 19558 782 19557
7206 19576 853 19575 19579
7207 594 17886 19579 19575
7208 19579 17886 601 19576
7218 19605 871 19604 19608
7219 760 19520 19608 19604
7220 19608 19520 766 19605
7222 19614 854 19611 19618
7223 774 19615 19618 19611
7224 19618 19615 773 19614
7226 19625 784 19622 19629
7227 775 19626 19629 19622
7228 19629 19626 594 19625
7230 19636 775 19633 19639
7231 773 19615 19639 19633
7232 19639 19615 774 19636
7234 19646 776 19643 19650
7235 703 19647 19650 19643
7236 19650 19647 772 19646
7238 19656 778 19654 19660
7239 770 19657 19660 19654
7240 19660 19657 769 19656
7242 19667 781 19664 19670
7243 699 18103 19670 19664
7244 19670 18103 619 19667
7250 19684 781 19681 19688
7251 780 19685 19688 19681
7252 19688 19685 700 19684
7254 19694 853 19576 19698
7255 601 19695 19698 19576
7256 19698 19695 852 19694
7262 19715 786 19712 19718
7263 776 19646 19718 19712
7264 19718 19646 772 19715
7266 19712 786 19721 19725
7267 780 19723 19725 19721
7268 19725 19723 776 19712
7270 19732 805 19729 19736
7271 788 19733 19736 19729
7272 19736 19733 787 19732
7274 19733 788 18756 19745
7275 681 19742 19745 18756
7276 19745 19742 787 19733
7282 19763 791 19760 19767
7283 701 19764 19767 19760
7284 19767 19764 700 19763
7286 19774 872 19771 19778
7287 792 19775 19778 19771
7288 19778 19775 786 19774
7290 19785 793 19782 19789
7291 791 19786 19789 19782
7292 19789 19786 792 19785
7294 19794 800 19793 19797
7295 695 15110 19797 19793
7296 19797 15110 611 19794
7298 19800 852 19695 19803
7299 601 17996 19803 19695
7300 19803 17996 806 19800
7302 19809 813 19806 19813
7303 789 19810 19813 19806
7304 19813 19810 788 19809
7306 19820 878 19817 19824
7307 877 19821 19824 19817
7308 19824 19821 799 19820
7318 19853 797 19850 19857
7319 795 19854 19857 19850
7320 19857 19854 796 19853
7322 19864 798 19861 19868
7323 617 19865 19868 19861
7324 19868 19865 794 19864
7326 19875 798 19872 19878
7327 691 18785 19878 19872
7328 19878 18785 630 19875
7330 19885 879 19882 19889
7331 848 19886 19889 19882
7332 19889 19886 847 19885
7334 19821 877 19892 19896
7335 796 19894 19896 19892
7336 19896 19894 799 19821
7338 19903 800 19900 19906
7339 799 19894 19906 19900
7340 19906 19894 796 19903
7342 19910 800 19903 19913
7343 796 19854 19913 19903
7344 19913 19854 795 19910
7346 19919 851 19916 19923
7347 799 19920 19923 19916
7348 19923 19920 801 19919
7350 19543 803 19926 19929
7351 778 19656 19929 19926
7352 19929 19656 769 19543
7354 19934 817 19933 19937
7355 675 18630 19937 19933
7356 19937 18630 670 19934
7358 19942 805 19732 19946
7359 787 19943 19946 19732
7360 19946 19943 785 19942
7362 19951 806 18874 19955
7363 795 19952 19955 18874
7364 19955 19952 793 19951
7366 18871 806 17999 19960
7367 374 18836 19960 17999
7368 19960 18836 695 18871
7374 19973 807 19970 19976
7375 691 19872 19976 19970
7376 19976 19872 798 19973
7378 19983 881 19980 19986
7379 809 18454 19986 19980
7380 19986 18454 723 19983
7390 18558 811 20005 20009
7391 664 20007 20009 20005
7392 20009 20007 647 18558
7394 20016 826 20013 20020
7395 645 20017 20020 20013
7396 20020 20017 644 20016
7398 20025 812 20024 20028
7399 377 16921 20028 20024
7400 20028 16921 511 20025
7402 20024 812 20031 20034
7403 375 15317 20034 20031
7404 20034 15317 377 20024
7406 20040 813 20037 20044
7407 807 20041 20044 20037
7408 20044 20041 790 20040
7410 20051 814 20048 20054
7411 375 20031 20054 20048
7412 20054 20031 812 20051
7414 20061 850 20058 20064
7415 676 18771 20064 20058
7416 20064 18771 815 20061
7422 18793 816 20074 20077
7423 815 16000 20077 20074
7424 20077 16000 690 18793
7426 16940 817 19934 20082
7427 670 18280 20082 19934
7428 20082 18280 636 16940
7430 20089 819 20086 20092
7431 818 18652 20092 20086
7432 20092 18652 675 20089
7434 20099 880 20096 20103
7435 814 20100 20103 20096
7436 20103 20100 846 20099
7442 20115 821 20113 20118
7443 639 18271 20118 20113
7444 20118 18271 525 20115
7446 20124 820 18609 20128
7447 638 20125 20128 18609
7448 20128 20125 672 20124
7450 20134 820 20124 20138
7451 672 20135 20138 20124
7452 20138 20135 671 20134
7454 20141 821 20115 20143
7455 525 18606 20143 20115
7456 20143 18606 820 20141
7458 20149 844 20146 20153
7459 823 20150 20153 20146
7460 20153 20150 671 20149
7462 20159 823 20156 20162
7463 821 20141 20162 20156
7464 20162 20141 820 20159
7466 20168 824 20166 20171
7467 644 18335 20171 20166
7468 20171 18335 523 20168
7470 20013 826 20175 20178
7471 811 18561 20178 20175
7472 20178 18561 645 20013
7474 20184 886 20181 20188
7475 844 20185 20188 20181
7476 20188 20185 510 20184
7478 20175 826 20192 20198
7479 662 20195 20198 20192
7480 20198 20195 811 20175
7486 20216 828 20213 20219
7487 509 16883 20219 20213
7488 20219 16883 508 20216
7490 20226 888 20223 20229
7491 510 16901 20229 20223
7492 20229 16901 668 20226
7498 20245 830 20242 20249
7499 829 20246 20249 20242
7500 20249 20246 663 20245
7502 20256 831 20253 20260
7503 624 20257 20260 20253
7504 20260 20257 830 20256
7506 20265 832 20264 20268
7507 830 20245 20268 20264
7508 20268 20245 663 20265
7514 20282 835 14029 20284
7515 682 16869 20284 14029
7516 20284 16869 810 20282
7522 20301 832 20298 20305
7523 810 20302 20305 20298
7524 20305 20302 831 20301
7526 20310 833 20309 20313
7527 808 18745 20313 20309
7528 20313 18745 658 20310
7530 20319 834 20316 20323
7531 833 20320 20323 20316
7532 20323 20320 657 20319
7546 20356 840 20353 20360
7547 827 20357 20360 20353
7548 20360 20357 839 20356
7554 20371 844 20368 20375
7555 818 20372 20375 20368
7556 20375 20372 843 20371
7558 20380 893 20379 20383
7559 843 20372 20383 20379
7560 20383 20372 818 20380
7562 20389 886 20386 20392
7563 825 18291 20392 20386
7564 20392 18291 823 20389
7566 20399 845 20396 20403
7567 819 20400 20403 20396
7568 20403 20400 674 20399
7570 20410 885 20407 20413
7571 814 20051 20413 20407
7572 20413 20051 812 20410
7582 20058 850 18808 20436
7583 845 20434 20436 18808
7584 20436 20434 676 20058
7594 19575 853 20460 20463
7595 784 19625 20463 20460
7596 20463 19625 594 19575
7598 19430 869 20465 20469
7599 768 20467 20469 20465
7600 20469 20467 764 19430
7606 20481 856 20480 20484
7607 775 19636 20484 20480
7608 20484 19636 774 20481
7610 20490 870 20487 20494
7611 857 20491 20494 20487
7612 20494 20491 856 20490
7614 20500 858 18917 20503
7615 754 19355 20503 18917
7616 20503 19355 750 20500
7618 20508 859 20507 20511
7619 858 20500 20511 20507
7620 20511 20500 750 20508
7622 20517 863 20514 20521
7623 727 20518 20521 20514
7624 20521 20518 862 20517
7626 20528 865 20525 20532
7627 718 20529 20532 20525
7628 20532 20529 717 20528
7638 20559 867 20558 20562
7639 860 19288 20562 20558
7640 20562 19288 746 20559
7642 20565 868 19384 20568
7643 756 20566 20568 19384
7644 20568 20566 859 20565
7646 20575 868 20572 20579
7647 714 20576 20579 20572
7648 20579 20576 711 20575
7650 20465 869 20582 20586
7651 855 20584 20586 20582
7652 20586 20584 768 20465
7658 20603 870 20490 20606
7659 856 20481 20606 20490
7660 20606 20481 774 20603
7662 20611 871 20610 20614
7663 857 20487 20614 20610
7664 20614 20487 870 20611
7666 20619 760 19604 20623
7667 871 20620 20623 19604
7668 20623 20620 869 20619
7670 20620 871 20611 20632
7671 870 20629 20632 20611
7672 20632 20629 869 20620
7678 20650 874 20647 20653
7679 784 20460 20653 20647
7680 20653 20460 853 20650
7682 20658 873 20657 20661
7683 853 19694 20661 20657
7684 20661 19694 852 20658
7685 20658 852 20663 20668
7686 793 20665 20668 20663
7688 20668 20665 873 20658
7690 20673 874 20650 20676
7691 853 20657 20676 20650
7692 20676 20657 873 20673
7694 20682 876 20679 20686
7695 813 20683 20686 20679
7696 20686 20683 805 20682
7702 19892 877 20700 20704
7703 876 20702 20704 20700
7704 20704 20702 796 19892
7714 20733 879 20730 20737
7715 850 20734 20737 20730
7716 20737 20734 849 20733
7718 19882 879 20740 20744
7719 851 20742 20744 20740
7720 20744 20742 848 19882
7722 14355 883 20747 20751
7723 836 20749 20751 20747
7724 20751 20749 882 14355
7726 20758 884 20755 20762
7727 881 20759 20762 20755
7728 20762 20759 861 20758
7730 20747 883 20765 20769
7731 837 20767 20769 20765
7732 20769 20767 836 20747
7734 20755 884 20773 20776
7735 809 19980 20776 20773
7736 20776 19980 881 20755
7738 20773 884 20779 20785
7739 883 20782 20785 20779
7740 20785 20782 809 20773
7742 20789 885 20410 20791
7743 812 20025 20791 20410
7744 20791 20025 511 20789
7746 20379 893 20795 20801
7747 511 20798 20801 20795
7748 20801 20798 843 20379
7750 20806 887 20805 20809
7751 828 20216 20809 20805
7752 20809 20216 508 20806
7754 20812 888 20226 20815
7755 668 20813 20815 20226
7756 20815 20813 841 20812
7758 20822 888 20819 20826
7759 887 20823 20826 20819
7760 20826 20823 886 20822
7762 20832 889 20829 20835
7763 841 20813 20835 20829
7764 20835 20813 668 20832
7766 14269 891 20838 20842
7767 659 20840 20842 20838
7768 20842 20840 649 14269
7774 20859 892 18443 20862
7775 649 18462 20862 18443
7776 20862 18462 650 20859
7778 20869 893 20866 20873
7779 819 20870 20873 20866
7780 20873 20870 846 20869
7782 20795 893 20876 20879
7783 885 20789 20879 20876
7784 20879 20789 511 20795
7786 20886 894 20883 20890
7787 715 20887 20890 20883
7788 20890 20887 714 20886
7806 20883 894 20916 20921
7807 737 20918 20921 20916
7808 20921 20918 715 20883
7810 20918 737 19211 20925
7811 736 20924 20925 19211
7812 20925 20924 715 20918
7818 20942 881 19164 20946
7819 732 20943 20946 19164
7820 20946 20943 862 20942
7822 19165 733 20950 20953
7823 731 19194 20953 20950
7824 20953 19194 732 19165
7826 19161 881 19983 20957
7827 723 19172 20957 19983
7828 20957 19172 733 19161
7830 14351 892 20961 20964
7831 809 20782 20964 20961
7832 20964 20782 883 14351
7842 20887 715 20977 20980
7843 711 20576 20980 20977
7844 20980 20576 714 20887
7846 19381 868 20575 20986
7847 711 20984 20986 20575
7848 20986 20984 710 19381
7850 20924 736 20989 20993
7851 577 20991 20993 20989
7852 20993 20991 715 20924
7854 20950 733 20996 21001
7855 572 18984 21001 20996
7856 21001 18984 731 20950
7858 21008 864 21005 21011
7859 732 19191 21011 21005
7860 21011 19191 735 21008
7862 20572 868 21015 21021
7863 860 21018 21021 21015
7864 21021 21018 714 20572
7866 20507 859 20566 21030
7867 756 21027 21030 20566
7868 21030 21027 858 20507
7874 20984 711 21041 21047
7875 580 21044 21047 21041
7876 21047 21044 710 20984
7878 20977 715 20991 21056
7879 577 21053 21056 20991
7880 21056 21053 711 20977
7902 19793 800 19910 21093
7903 795 18875 21093 19910
7904 21093 18875 695 19793
7914 20647 874 21114 21120
7915 777 21117 21120 21114
7916 21120 21117 784 20647
7922 19622 784 21129 21132
7923 773 19633 21132 21129
7924 21132 19633 775 19622
7930 17827 594 21147 21152
7931 588 15472 21152 21147
7932 21152 15472 382 17827
7934 19626 775 21156 21159
7935 588 21147 21159 21156
7936 21159 21147 594 19626
7938 21162 801 19920 21165
7939 799 19900 21165 19920
7940 21165 19900 800 21162
7946 21172 801 21162 21174
7947 800 19794 21174 21162
7948 21174 19794 611 21172
7950 21179 875 21178 21182
7951 793 19839 21182 21178
7952 21182 19839 797 21179
7962 18839 374 21205 21208
7963 405 14767 21208 21205
7964 21208 14767 373 18839
7978 20742 851 19919 21239
7979 801 21237 21239 19919
7980 21239 21237 848 20742
7982 13938 848 21237 21247
7983 801 21172 21247 21237
7984 21247 21172 611 13938
7990 21265 880 21262 21268
7991 879 19885 21268 21262
7992 21268 19885 847 21265
7994 20740 879 20733 21274
7995 849 21272 21274 20733
7996 21274 21272 851 20740
7998 21278 878 19820 21281
7999 799 19916 21281 19820
8000 21281 19916 851 21278
8002 19886 848 13941 21289
8003 688 21286 21289 13941
8004 21289 21286 847 19886
8006 18764 688 13942 21294
8007 611 17990 21294 13942
8008 21294 17990 376 18764
8014 21262 880 18807 21305
8015 850 20730 21305 18807
8016 21305 20730 879 21262
8018 21309 814 20096 21312
8019 880 21265 21312 20096
8020 21312 21265 847 21309
8030 20876 893 20869 21337
8031 846 21334 21337 20869
8032 21337 21334 885 20876
8034 20407 885 21334 21343
8035 846 20100 21343 21334
8036 21343 20100 814 20407
8038 21348 843 20798 21351
8039 511 13996 21351 20798
8040 21351 13996 510 21348
8046 18914 858 21027 21364
8047 756 19405 21364 21027
8048 21364 19405 762 18914
8054 21375 857 21374 21378
8055 766 19464 21378 21374
8056 21378 19464 585 21375
8058 21383 757 19372 21386
8059 710 21044 21386 19372
8060 21386 21044 580 21383
8062 19465 757 21389 21395
8063 384 21392 21395 21389
8064 21395 21392 585 19465
8066 20610 871 19605 21401
8067 766 21374 21401 19605
8068 21401 21374 857 20610
8070 17820 585 21392 21409
8071 384 21406 21409 21392
8072 21409 21406 383 17820
8094 15074 414 15144 21444
8095 399 14964 21444 15144
8096 21444 14964 398 15074
8098 15168 383 21447 21450
8099 415 15143 21450 21447
8100 21450 15143 414 15168
8102 20480 856 21453 21458
8103 588 21156 21458 21453
8104 21458 21156 775 20480
8106 21462 857 21375 21465
8107 585 17817 21465 21375
8108 21465 17817 588 21462
8110 21205 374 15099 21473
8111 412 21470 21473 15099
8112 21473 21470 405 21205
8130 14928 130 10708 21502
8131 3 14470 21502 10708
8132 21502 14470 397 14928
8138 20048 814 21483 21508
8139 688 18765 21508 21483
8140 21508 18765 375 20048
8178 21389 757 21383 21559
8179 580 21558 21559 21383
8180 21559 21558 384 21389
8182 20989 736 18983 21568
8183 572 21565 21568 18983
8184 21568 21565 577 20989
8190 21447 383 21406 21581
8191 384 21579 21581 21406
8192 21581 21579 415 21447
8194 15151 415 21585 21591
8195 416 21588 21591 21585
8196 21591 21588 400 15151
8198 14377 401 14989 21599
8199 400 21588 21599 14989
8200 21599 21588 416 14377
8202 14987 401 14941 21602
8203 4 11668 21602 14941
8204 21602 11668 135 14987
8218 21615 418 14376 21617
8219 416 15161 21617 14376
8220 21617 15161 385 21615
8226 14965 133 11688 21630
8227 132 21628 21630 11688
8228 21630 21628 398 14965
8234 15085 413 15078 21642
8235 398 21639 21642 15078
8236 21642 21639 396 15085
8238 21639 398 21628 21646
8239 132 14954 21646 21628
8240 21646 14954 396 21639
8250 20996 733 19175 21658
8251 388 17634 21658 19175
8252 21658 17634 572 20996
8258 21669 577 21565 21671
8259 572 17637 21671 21565
8260 21671 17637 386 21669
8262 21676 412 15089 21680
8263 396 21677 21680 15089
8264 21680 21677 395 21676
8266 14954 132 11701 21684
8267 131 21683 21684 11701
8268 21684 21683 396 14954
8270 21689 385 17765 21692
8271 577 21669 21692 17765
8272 21692 21669 386 21689
8346 21041 711 21053 21809
8347 577 17761 21809 21053
8348 21809 17761 580 21041
8374 21470 412 21676 21854
8375 395 14912 21854 21676
8376 21854 14912 405 21470
8386 21579 384 15160 21870
8387 416 21585 21870 15160
8388 21870 21585 415 21579
8402 21558 580 17764 21890
8403 385 15157 21890 17764
8404 21890 15157 384 21558
8502 15511 428 22034 22039
8503 422 15500 22039 22034
8504 22039 15500 296 15511
8506 15942 369 22043 22048
8507 370 16827 22048 22043
8508 22048 16827 501 15942
8510 16851 503 22051 22054
8511 562 15957 22054 22051
8512 22054 15957 499 16851
8514 22057 561 17522 22059
8515 447 16820 22059 17522
8516 22059 16820 562 22057
8518 22063 531 22062 22066
8519 498 16785 22066 22062
8520 22066 16785 422 22063
8522 17090 504 16850 22070
8523 499 15492 22070 16850
8524 22070 15492 498 17090
8526 14150 560 17515 22075
8527 532 15946 22075 17515
8528 22075 15946 501 14150
8530 22081 620 18114 22084
8531 561 22057 22084 18114
8532 22084 22057 562 22081
8542 22100 368 16776 22104
8543 496 22101 22104 16776
8544 22104 22101 367 22100
8550 18115 567 22112 22117
8551 560 14146 22117 22112
8552 22117 14146 561 18115
8554 22123 367 22101 22126
8555 496 17474 22126 22101
8556 22126 17474 497 22123
8558 22132 683 22130 22135
8559 559 17514 22135 22130
8560 22135 17514 560 22132
8570 22149 366 22146 22152
8571 367 22123 22152 22146
8572 22152 22123 497 22149
8578 17470 558 16766 22165
8579 557 22162 22165 16766
8580 22165 22162 497 17470
8586 22175 364 16744 22178
8587 493 16731 22178 16744
8588 22178 16731 363 22175
8590 22182 495 16670 22185
8591 365 13788 22185 16670
8592 22185 13788 494 22182
8594 22188 563 17552 22190
8595 495 22182 22190 17552
8596 22190 22182 494 22188
8598 22196 565 22194 22199
8599 492 16735 22199 22194
8600 22199 16735 493 22196
8602 22205 363 16734 22209
8603 492 22206 22209 16734
8604 22209 22206 362 22205
8606 22212 565 22196 22214
8607 493 17481 22214 22196
8608 22214 17481 564 22212
8618 22226 362 22206 22229
8619 492 17452 22229 22206
8620 22229 17452 490 22226
8626 22240 362 22226 22244
8627 490 22241 22244 22226
8628 22244 22241 361 22240
8630 17851 579 22248 22253
8631 482 17370 22253 22248
8632 22253 17370 578 17851
8634 22259 352 16556 22263
8635 480 22260 22263 16556
8636 22263 22260 351 22259
8638 17441 552 17422 22268
8639 484 16597 22268 17422
8640 22268 16597 486 17441
8642 22248 579 17755 22273
8643 480 16557 22273 17755
8644 22273 16557 482 22248
8646 17240 350 22277 22283
8647 351 22280 22283 22277
8648 22283 22280 481 17240
8650 22280 351 22260 22291
8651 480 16535 22291 22260
8652 22291 16535 481 22280
8662 22310 349 16524 22313
8663 478 16491 22313 16524
8664 22313 16491 348 22310
8670 22321 547 17353 22323
8671 479 17243 22323 17353
8672 22323 17243 481 22321
8690 22372 348 16493 22376
8691 477 22373 22376 16493
8692 22376 22373 347 22372
8698 22384 581 16483 22387
8699 477 16494 22387 16483
8700 22387 16494 478 22384
8702 17879 581 22384 22392
8703 478 16501 22392 22384
8704 22392 16501 546 17879
8722 16394 343 22434 22437
8723 473 16284 22437 22434
8724 22437 16284 472 16394
8726 22442 344 16429 22445
8727 473 22434 22445 16429
8728 22445 22434 343 22442
8734 22460 587 17811 22463
8735 470 16387 22463 17811
8736 22463 16387 472 22460
8738 17152 341 16377 22471
8739 470 17191 22471 16377
8740 22471 17191 471 17152
8746 22480 340 16365 22483
8747 469 16353 22483 16365
8748 22483 16353 339 22480
8750 17259 537 17250 22488
8751 469 16366 22488 17250
8752 22488 16366 471 17259
8770 17317 541 17803 22535
8771 473 16430 22535 17803
8772 22535 16430 474 17317
8774 17300 542 17316 22540
8775 474 16441 22540 17316
8776 22540 16441 476 17300
8810 22609 337 16294 22612
8811 465 16269 22612 16294
8812 22612 16269 336 22609
8814 22618 703 16261 22621
8815 590 18027 22621 16261
8816 22621 18027 613 22618
8818 16262 593 17222 22625
8819 465 17177 22625 17222
8820 22625 17177 590 16262
8822 22627 613 18029 22629
8823 589 17232 22629 18029
8824 22629 17232 536 22627
8826 22632 536 17233 22635
8827 534 17213 22635 17233
8828 22635 17213 535 22632
8882 20734 850 20061 22771
8883 815 22768 22771 20061
8884 22771 22768 849 20734
8886 22775 678 18775 22778
8887 676 18701 22778 18775
8888 22778 18701 677 22775
8894 22790 677 18694 22793
8895 632 22791 22793 18694
8896 22793 22791 518 22790
8898 15791 317 15762 22802
8899 441 22799 22802 15762
8900 22802 22799 439 15791
8902 22808 519 16990 22811
8903 517 13952 22811 16990
8904 22811 13952 440 22808
8906 22791 632 16989 22817
8907 519 22815 22817 16989
8908 22817 22815 518 22791
8910 20434 845 20399 22822
8911 674 18674 22822 20399
8912 22822 18674 676 20434
8914 18617 680 22825 22828
8915 673 18598 22828 22825
8916 22828 18598 515 18617
8918 22825 680 18673 22837
8919 674 22834 22837 18673
8920 22837 22834 673 22825
8922 18599 633 18237 22843
8923 516 16955 22843 18237
8924 22843 16955 515 18599
8934 22863 678 22775 22866
8935 677 22790 22866 22775
8936 22866 22790 518 22863
8938 22869 519 22808 22871
8939 440 15979 22871 22808
8940 22871 15979 449 22869
8942 22875 520 17001 22878
8943 518 22815 22878 17001
8944 22878 22815 519 22875
8950 16008 520 22875 22888
8951 519 22869 22888 22875
8952 22888 22869 449 16008
8954 15881 444 22892 22898
8955 438 22895 22898 22892
8956 22898 22895 315 15881
8958 18194 628 16965 22903
8959 438 22892 22903 16965
8960 22903 22892 444 18194
8962 22907 804 18247 22909
8963 633 18595 22909 18247
8964 22909 18595 673 22907
8966 22915 678 22863 22918
8967 518 16997 22918 22863
8968 22918 16997 629 22915
8974 16030 319 22929 22934
8975 320 15772 22934 22929
8976 22934 15772 453 16030
8978 17118 533 22937 22940
8979 520 16011 22940 22937
8980 22940 16011 453 17118
8982 22946 689 22943 22949
8983 678 22915 22949 22943
8984 22949 22915 629 22946
8990 17132 629 17000 22965
8991 520 22937 22965 17000
8992 22965 22937 533 17132
9006 16944 636 18227 22996
9007 628 18165 22996 18227
9008 22996 18165 634 16944
9010 23001 321 13777 23004
9011 452 15769 23004 13777
9012 23004 15769 320 23001
9014 23010 533 17121 23014
9015 452 23011 23014 17121
9016 23014 23011 451 23010
9018 23018 679 17131 23020
9019 533 23010 23020 17131
9020 23020 23010 451 23018
9022 18684 689 22946 23023
9023 629 17128 23023 22946
9024 23023 17128 679 18684
9030 23040 322 23037 23043
9031 450 13774 23043 23037
9032 23043 13774 321 23040
9034 17065 451 23011 23048
9035 452 13778 23048 23011
9036 23048 13778 450 17065
9042 23061 454 16020 23065
9043 323 23062 23065 16020
9044 23065 23062 421 23061
9046 23072 454 23069 23075
9047 614 18038 23075 23069
9048 23075 18038 528 23072
9066 23125 315 22895 23128
9067 438 15854 23128 22895
9068 23128 15854 314 23125
9082 23162 817 16943 23164
9083 634 18244 23164 16943
9084 23164 18244 804 23162
9090 23177 804 22907 23181
9091 673 23178 23181 22907
9092 23181 23178 675 23177
9094 23185 675 23178 23187
9095 673 22834 23187 23178
9096 23187 22834 674 23185
9102 18281 637 23197 23202
9103 625 18225 23202 23197
9104 23202 18225 636 18281
9106 19933 817 23162 23208
9107 804 23177 23208 23162
9108 23208 23177 675 19933
9110 23212 672 23211 23215
9111 637 18277 23215 23211
9112 23215 18277 670 23212
9118 20400 819 20089 23226
9119 675 23185 23226 20089
9120 23226 23185 674 20400
9126 20135 672 23212 23243
9127 670 18631 23243 23212
9128 23243 18631 671 20135
9134 20368 844 20149 23259
9135 671 18649 23259 20149
9136 23259 18649 818 20368
9138 20866 893 20380 23266
9139 818 20086 23266 20380
9140 23266 20086 819 20866
9142 18804 880 20099 23274
9143 846 23271 23274 20099
9144 23274 23271 845 18804
9146 23271 846 20870 23277
9147 819 20396 23277 20870
9148 23277 20396 845 23271
9182 23352 298 15568 23355
9183 423 15525 23355 15568
9184 23355 15525 297 23352
9186 15554 623 23359 23364
9187 425 16837 23364 23359
9188 23364 16837 575 15554
9190 23359 623 18142 23369
9191 423 15565 23369 18142
9192 23369 15565 425 23359
9194 15584 300 23373 23379
9195 301 23376 23379 23373
9196 23379 23376 427 15584
9198 23383 575 16840 23386
9199 424 23384 23386 16840
9200 23386 23384 502 23383
9202 23392 502 23384 23395
9203 424 15587 23395 23384
9204 23395 15587 427 23392
9210 18134 531 22063 23408
9211 422 22034 23408 22063
9212 23408 22034 428 18134
9214 23415 651 23412 23418
9215 575 23383 23418 23412
9216 23418 23383 502 23415
9222 18496 653 23433 23438
9223 621 18483 23438 23433
9224 23438 18483 652 18496
9226 23441 652 18485 23443
9227 623 15557 23443 18485
9228 23443 15557 622 23441
9230 23412 651 23446 23451
9231 622 15558 23451 23446
9232 23451 15558 575 23412
9234 23433 653 23455 23460
9235 531 18131 23460 23455
9236 23460 18131 621 23433
9246 23485 651 23415 23488
9247 502 23486 23488 23415
9248 23488 23486 624 23485
9266 23518 654 17089 23521
9267 498 22062 23521 17089
9268 23521 22062 531 23518
9286 16448 347 22373 23557
9287 477 23555 23557 22373
9288 23557 23555 475 16448
9290 23563 543 17299 23566
9291 476 16419 23566 17299
9292 23566 16419 475 23563
9294 16238 335 17142 23575
9295 466 23572 23575 17142
9296 23575 23572 464 16238
9306 16217 333 16231 23596
9307 463 13807 23596 16231
9308 23596 13807 462 16217
9310 23603 595 23600 23606
9311 464 23572 23606 23600
9312 23606 23572 466 23603
9314 23610 597 13806 23613
9315 463 17858 23613 13806
9316 23613 17858 596 23610
9318 23618 596 17861 23621
9319 464 23600 23621 17861
9320 23621 23600 595 23618
9322 23627 332 16115 23631
9323 461 23628 23631 16115
9324 23631 23628 331 23627
9326 18060 599 16206 23635
9327 462 13803 23635 16206
9328 23635 13803 597 18060
9330 17899 600 23638 23643
9331 461 16204 23643 23638
9332 23643 16204 599 17899
9334 23650 328 23647 23653
9335 457 16101 23653 23647
9336 23653 16101 327 23650
9338 23647 328 16137 23662
9339 458 23659 23662 16137
9340 23662 23659 457 23647
9342 16144 603 23665 23668
9343 458 16158 23668 23665
9344 23668 16158 459 16144
9346 15968 421 23062 23677
9347 323 23674 23677 23062
9348 23677 23674 324 15968
9350 23683 327 16104 23686
9351 456 16069 23686 16104
9352 23686 16069 326 23683
9354 23693 608 23690 23696
9355 455 16072 23696 23690
9356 23696 16072 456 23693
9358 18093 610 17962 23700
9359 448 16040 23700 17962
9360 23700 16040 609 18093
9362 23703 609 16043 23706
9363 455 23690 23706 16043
9364 23706 23690 608 23703
9366 23712 614 23709 23715
9367 421 17960 23715 23709
9368 23715 17960 610 23712
9370 23069 454 23061 23721
9371 421 23709 23721 23061
9372 23721 23709 614 23069
9378 23728 454 23072 23731
9379 528 17064 23731 23072
9380 23731 17064 450 23728
9422 19053 720 17531 23800
9423 557 16762 23800 17531
9424 23800 16762 583 19053
9426 19068 684 17501 23804
9427 559 22130 23804 17501
9428 23804 22130 683 19068
9430 23807 683 22132 23809
9431 560 22112 23809 22132
9432 23809 22112 567 23807
9442 17572 620 22081 23828
9443 562 22051 23828 22081
9444 23828 22051 503 17572
9462 23376 301 23859 23865
9463 426 23862 23865 23859
9464 23865 23862 427 23376
9466 23872 302 23869 23875
9467 426 23859 23875 23869
9468 23875 23859 301 23872
9478 23891 304 15607 23894
9479 429 15618 23894 15607
9480 23894 15618 303 23891
9490 18314 641 18326 23913
9491 431 15628 23913 18326
9492 23913 15628 430 18314
9494 23920 306 23917 23923
9495 430 15625 23923 23917
9496 23923 15625 305 23920
9498 23917 306 15813 23929
9499 442 15824 23929 15813
9500 23929 15824 430 23917
9502 17012 521 17033 23933
9503 442 15638 23933 17033
9504 23933 15638 432 17012
9506 15671 433 23937 23942
9507 432 15657 23942 23937
9508 23942 15657 308 15671
9514 17044 627 18186 23951
9515 433 15689 23951 18186
9516 23951 15689 435 17044
9518 18187 522 17011 23956
9519 432 23937 23956 17011
9520 23956 23937 433 18187
9530 23975 635 17043 23978
9531 435 15711 23978 17043
9532 23978 15711 434 23975
9538 23197 637 18177 23993
9539 513 18158 23993 18177
9540 23993 18158 625 23197
9542 23999 313 15873 24003
9543 436 24000 24003 15873
9544 24003 24000 312 23999
9546 15744 514 24007 24010
9547 436 16930 24010 24007
9548 24010 16930 513 15744
9582 16699 360 24067 24072
9583 361 24069 24072 24067
9584 24072 24069 491 16699
9586 24069 361 22241 24078
9587 490 17463 24078 22241
9588 24078 17463 491 24069
9598 24087 571 17597 24090
9599 489 16702 24090 17597
9600 24090 16702 491 24087
9606 16646 359 16681 24108
9607 489 13920 24108 16681
9608 24108 13920 488 16646
9614 24117 358 16638 24120
9615 487 16626 24120 16638
9616 24120 16626 357 24117
9618 24127 573 24124 24130
9619 487 16639 24130 24124
9620 24130 16639 488 24127
9622 24134 573 24127 24136
9623 488 13916 24136 24127
9624 24136 13916 556 24134
9630 24153 574 16618 24156
9631 487 24124 24156 16618
9632 24156 24124 573 24153
9634 17278 356 16608 24164
9635 485 17393 24164 16608
9636 24164 17393 486 17278
9654 24202 713 17781 24206
9655 574 24203 24206 17781
9656 24206 24203 584 24202
9662 17428 708 18951 24221
9663 549 17411 24221 18951
9664 24221 17411 552 17428
9666 17747 551 17415 24224
9667 549 17404 24224 17415
9668 24224 17404 550 17747
9670 17684 566 17451 24232
9671 492 22194 24232 17451
9672 24232 22194 565 17684
9674 19014 709 24235 24238
9675 565 22212 24238 24235
9676 24238 22212 564 19014
9706 13986 743 18950 24314
9707 708 18974 24314 18950
9708 24314 18974 742 13986
9714 19327 750 19299 24329
9715 744 19270 24329 19299
9716 24329 19270 743 19327
9718 19300 745 19252 24333
9719 550 17400 24333 19252
9720 24333 17400 744 19300
9722 19263 604 24336 24339
9723 579 17848 24339 24336
9724 24339 17848 592 19263
9726 19320 748 19262 24343
9727 592 19250 24343 19262
9728 24343 19250 745 19320
9738 24336 604 17921 24366
9739 548 17754 24366 17921
9740 24366 17754 579 24336
9758 19394 859 20508 24403
9759 750 19328 24403 20508
9760 24403 19328 747 19394
9762 19289 747 19184 24409
9763 740 24407 24409 19184
9764 24409 24407 746 19289
9766 24415 740 17648 24418
9767 713 24202 24418 17648
9768 24418 24202 584 24415
9778 17363 749 19278 24443
9779 604 19259 24443 19278
9780 24443 19259 748 17363
9790 24469 751 24466 24472
9791 544 16542 24472 24466
9792 24472 16542 704 24469
9794 19363 751 24469 24477
9795 704 19276 24477 24469
9796 24477 19276 749 19363
9798 17352 547 16546 24483
9799 544 24481 24483 16546
9800 24483 24481 546 17352
9806 17917 704 16545 24499
9807 547 24497 24499 16545
9808 24499 24497 548 17917
9854 19508 696 18849 24582
9855 538 24580 24582 18849
9856 24582 24580 615 19508
9858 18846 696 24586 24591
9859 535 17209 24591 24586
9860 24591 17209 537 18846
9902 18829 698 17898 24674
9903 599 18057 24674 17898
9904 24674 18057 616 18829
9906 24679 619 18104 24682
9907 616 18059 24682 18104
9908 24682 18059 597 24679
9922 16188 460 24716 24719
9923 602 16148 24719 24716
9924 24719 16148 459 16188
9926 24724 600 13840 24727
9927 602 24716 24727 13840
9928 24727 24716 460 24724
9930 24733 697 13839 24736
9931 600 17895 24736 13839
9932 24736 17895 698 24733
9934 18757 687 24740 24745
9935 603 18707 24745 24740
9936 24745 18707 681 18757
9938 17939 607 24748 24751
9939 456 16105 24751 24748
9940 24751 16105 457 17939
9942 17953 608 23693 24759
9943 456 24748 24759 23693
9944 24759 24748 607 17953
9950 24771 617 24769 24774
9951 609 23703 24774 24769
9952 24774 23703 608 24771
9958 24789 630 18092 24791
9959 609 24769 24791 18092
9960 24791 24769 617 24789
9966 24805 849 22768 24807
9967 815 20074 24807 22768
9968 24807 20074 816 24805
9970 18786 655 24810 24815
9971 610 18089 24815 24810
9972 24815 18089 630 18786
9994 24871 679 23018 24874
9995 451 15990 24874 23018
9996 24874 15990 527 24871
10002 18039 529 24888 24890
10003 527 15986 24890 24888
10004 24890 15986 528 18039
10010 18214 655 24900 24903
10011 529 18036 24903 24900
10012 24903 18036 614 18214
10022 24931 690 18683 24934
10023 679 24871 24934 18683
10024 24934 24871 527 24931
10046 20150 823 20159 24978
10047 820 20134 24978 20159
10048 24978 20134 671 20150
10054 23211 672 20125 24993
10055 638 18176 24993 20125
10056 24993 18176 637 23211
10086 25037 445 15617 25041
10087 429 25038 25041 15617
10088 25041 25038 642 25037
10094 13960 626 13898 25059
10095 642 25038 25059 13898
10096 25059 25038 429 13960
10114 18332 644 25095 25098
10115 641 18317 25098 25095
10116 25098 18317 524 18332
10118 20017 645 25102 25107
10119 641 25095 25107 25102
10120 25107 25095 644 20017
10134 25145 665 25142 25149
10135 643 25146 25149 25142
10136 25149 25146 522 25145
10138 25146 643 18346 25154
10139 521 17008 25154 18346
10140 25154 17008 522 25146
10142 25161 667 25158 25164
10143 643 25142 25164 25158
10144 25164 25142 665 25161
10146 25158 667 25167 25170
10147 507 18354 25170 25167
10148 25170 18354 643 25158
10150 25173 824 20168 25175
10151 523 18357 25175 20168
10152 25175 18357 507 25173
10154 25178 826 20016 25180
10155 644 20166 25180 20016
10156 25180 20166 824 25178
10158 18336 524 17032 25185
10159 521 18347 25185 17032
10160 25185 18347 523 18336
10162 25102 645 25189 25193
10163 626 18325 25193 25189
10164 25193 18325 641 25102
10170 18516 654 23518 25207
10171 531 23455 25207 23518
10172 25207 23455 653 18516
10174 25212 685 25210 25215
10175 503 16847 25215 25210
10176 25215 16847 504 25212
10194 25251 665 25145 25253
10195 522 18183 25253 25145
10196 25253 18183 627 25251
10246 18492 834 20319 25363
10247 657 18515 25363 20319
10248 25363 18515 653 18492
10254 17568 686 25375 25377
10255 568 18121 25377 25375
10256 25377 18121 620 17568
10258 18746 685 25212 25380
10259 504 18503 25380 25212
10260 25380 18503 658 18746
10286 16531 548 24497 25441
10287 547 22321 25441 24497
10288 25441 22321 481 16531
10314 25491 543 23563 25494
10315 475 25492 25494 23563
10316 25494 25492 582 25491
10334 18020 595 23603 25537
10335 466 17220 25537 23603
10336 25537 17220 593 18020
10350 25572 619 24679 25575
10351 597 23610 25575 24679
10352 25575 23610 596 25572
10430 25737 445 25037 25739
10431 642 18152 25739 25037
10432 25739 18152 505 25737
10438 18148 648 25750 25754
10439 646 25752 25754 25750
10440 25754 25752 505 18148
10442 25761 506 25758 25765
10443 426 25762 25765 25758
10444 25765 25762 505 25761
10462 25801 665 25251 25805
10463 627 25802 25805 25251
10464 25805 25802 640 25801
10470 18300 635 23975 25821
10471 434 25819 25821 23975
10472 25821 25819 526 18300
10482 15718 526 25845 25851
10483 437 25848 25851 25845
10484 25851 25848 514 15718
10486 25845 526 25819 25856
10487 434 15833 25856 25819
10488 25856 15833 437 25845
10526 24007 514 25848 25940
10527 437 25938 25940 25848
10528 25940 25938 436 24007
10534 15740 638 18610 25955
10535 525 15722 25955 18610
10536 25955 15722 514 15740
10606 26100 652 23441 26103
10607 622 16873 26103 23441
10608 26103 16873 682 26100
10610 18390 624 23486 26108
10611 502 26106 26108 23486
10612 26108 26106 506 18390
10618 14030 834 18495 26125
10619 652 26100 26125 18495
10620 26125 26100 682 14030
10646 26187 667 25161 26191
10647 665 26188 26191 25161
10648 26191 26188 666 26187
10670 26234 666 26188 26236
10671 665 25801 26236 26188
10672 26236 25801 640 26234
10674 26242 667 26187 26246
10675 666 26243 26246 26187
10676 26246 26243 508 26242
10678 26251 825 26250 26254
10679 508 26243 26254 26250
10680 26254 26243 666 26251
10698 20181 886 20389 26297
10699 823 20146 26297 20389
10700 26297 20146 844 20181
10726 18306 640 25802 26350
10727 627 17040 26350 25802
10728 26350 17040 635 18306
10730 26354 666 26234 26356
10731 640 15681 26356 26234
10732 26356 15681 822 26354
10738 18288 825 26251 26375
10739 666 26354 26375 26251
10740 26375 26354 822 18288
10810 24888 529 26523 26529
10811 802 26526 26529 26523
10812 26529 26526 527 24888
10814 18797 690 24931 26535
10815 527 26526 26535 24931
10816 26535 26526 802 18797
10822 26551 693 26548 26554
10823 529 24900 26554 26548
10824 26554 24900 655 26551
10834 26548 693 26574 26577
10835 802 26523 26577 26574
10836 26577 26523 529 26548
10846 26598 693 26551 26600
10847 655 18782 26600 26551
10848 26600 18782 691 26598
10854 26617 878 21278 26620
10855 851 21272 26620 21278
10856 26620 21272 849 26617
10862 19861 798 19875 26636
10863 630 24789 26636 19875
10864 26636 24789 617 19861
10866 17949 631 26639 26641
10867 617 24771 26641 26639
10868 26641 24771 608 17949
10874 17928 656 26655 26660
10875 631 17952 26660 26655
10876 26660 17952 607 17928
10878 24740 687 18717 26666
10879 606 26664 26666 18717
10880 26666 26664 603 24740
10910 26728 783 18828 26731
10911 616 18100 26731 18828
10912 26731 18100 699 26728
10926 26756 615 24580 26758
10927 538 17810 26758 24580
10928 26758 17810 587 26756
10986 26895 769 26893 26898
10987 535 24586 26898 26893
10988 26898 24586 696 26895
10990 19547 769 26895 26902
10991 696 19504 26902 26895
10992 26902 19504 767 19547
10994 19493 765 18049 26907
10995 605 26905 26907 18049
10996 26907 26905 705 19493
10998 18050 615 26756 26916
10999 587 26913 26916 26756
11000 26916 26913 605 18050
11002 18929 705 26905 26921
11003 605 17288 26921 26905
11004 26921 17288 540 18929
11006 17289 586 17802 26927
11007 541 26925 26927 17802
11008 26927 26925 540 17289
11018 26943 539 16407 26947
11019 702 26944 26947 16407
11020 26947 26944 763 26943
11022 19486 707 19497 26952
11023 705 18925 26952 19497
11024 26952 18925 706 19486
11026 17306 539 26956 26961
11027 540 26925 26961 26956
11028 26961 26925 541 17306
11030 26965 763 26944 26968
11031 702 26966 26968 26944
11032 26968 26966 759 26965
11038 26978 755 19423 26981
11039 612 26979 26981 19423
11040 26981 26979 598 26978
11046 19419 759 26966 26998
11047 702 26996 26998 26966
11048 26998 26996 612 19419
11050 26956 539 27002 27005
11051 706 18928 27005 27002
11052 27005 18928 540 26956
11054 27010 755 26978 27014
11055 598 27011 27014 26978
11056 27014 27011 753 27010
11062 20467 768 27028 27031
11063 759 19441 27031 27028
11064 27031 19441 764 20467
11066 26979 612 27034 27040
11067 582 27037 27040 27034
11068 27040 27037 598 26979
11070 27034 612 27043 27046
11071 543 25491 27046 27043
11072 27046 25491 582 27034
11074 27050 598 27037 27052
11075 582 16480 27052 27037
11076 27052 16480 581 27050
11078 27043 612 26996 27060
11079 702 17324 27060 26996
11080 27060 17324 543 27043
11086 27072 545 27071 27075
11087 753 27011 27075 27071
11088 27075 27011 598 27072
11094 27090 764 19444 27093
11095 755 27010 27093 19444
11096 27093 27010 753 27090
11106 17875 545 27072 27119
11107 598 27050 27119 27072
11108 27119 27050 581 17875
11118 27141 619 25572 27144
11119 596 27142 27144 25572
11120 27144 27142 618 27141
11150 27216 770 27213 27219
11151 536 22632 27219 27213
11152 27219 22632 535 27216
11162 27240 785 27239 27243
11163 698 18825 27243 27239
11164 27243 18825 783 27240
11174 27267 584 24203 27270
11175 574 24153 27270 24203
11176 27270 24153 573 27267
11194 27311 555 27308 27315
11195 556 27312 27315 27308
11196 27315 27312 554 27311
11202 27331 555 27330 27334
11203 584 27267 27334 27330
11204 27334 27267 573 27331
11226 18958 571 24087 27378
11227 491 17459 27378 24087
11228 27378 17459 570 18958
11234 17532 563 22188 27397
11235 494 27394 27397 22188
11236 27397 27394 557 17532
11250 22162 557 27394 27433
11251 494 27431 27433 27394
11252 27433 27431 497 22162
11262 24235 709 27457 27462
11263 576 17683 27462 27457
11264 27462 17683 565 24235
11270 27477 724 19067 27481
11271 683 27478 27481 19067
11272 27481 27478 569 27477
11274 27478 683 23807 27487
11275 567 27485 27487 23807
11276 27487 27485 569 27478
11278 19105 721 19052 27491
11279 583 18727 27491 19052
11280 27491 18727 722 19105
11282 17583 569 27485 27495
11283 567 18124 27495 27485
11284 27495 18124 568 17583
11310 18742 808 27557 27562
11311 686 27559 27562 27557
11312 27562 27559 685 18742
11314 27557 808 27566 27570
11315 568 25375 27570 27566
11316 27570 25375 686 27557
11358 27645 591 17606 27647
11359 566 17681 27647 17606
11360 27647 17681 576 27645
11370 27664 740 24415 27667
11371 584 27665 27667 24415
11372 27667 27665 739 27664
11374 27673 555 27311 27677
11375 554 27674 27677 27311
11376 27677 27674 738 27673
11438 17285 605 26913 27789
11439 587 27787 27789 26913
11440 27789 27787 586 17285
11470 27859 781 19667 27861
11471 619 27141 27861 19667
11472 27861 27141 618 27859
11478 27875 618 27142 27877
11479 596 23618 27877 27142
11480 27877 23618 595 27875
11482 19681 781 27859 27882
11483 618 18860 27882 27859
11484 27882 18860 780 19681
11494 19657 770 27216 27912
11495 535 26893 27912 27216
11496 27912 26893 769 19657
11506 27936 772 19647 27938
11507 703 22618 27938 19647
11508 27938 22618 613 27936
11514 16258 703 27952 27954
11515 694 18019 27954 27952
11516 27954 18019 593 16258
11522 18017 694 18864 27971
11523 618 27875 27971 18864
11524 27971 27875 595 18017
11542 19643 776 28007 28011
11543 694 27952 28011 28007
11544 28011 27952 703 19643
11550 28026 771 28024 28029
11551 613 22627 28029 28024
11552 28029 22627 536 28026
11554 28033 772 27936 28035
11555 613 28024 28035 27936
11556 28035 28024 771 28033
11574 19810 789 28065 28070
11575 687 18753 28070 28065
11576 28070 18753 788 19810
11606 28065 789 28141 28144
11607 656 18716 28144 28141
11608 28144 18716 687 28065
11650 28236 878 26617 28239
11651 849 28237 28239 26617
11652 28239 28237 692 28236
11682 28311 794 19865 28313
11683 617 26639 28313 19865
11684 28313 26639 631 28311
11690 28327 794 28311 28330
11691 631 28328 28330 28311
11692 28330 28328 790 28327
11758 20156 823 18292 28465
11759 822 28464 28465 18292
11760 28465 28464 821 20156
11770 20113 821 28464 28490
11771 822 15682 28490 28464
11772 28490 15682 639 20113
11794 25167 667 26242 28544
11795 508 16884 28544 26242
11796 28544 16884 507 25167
11810 28574 829 28571 28578
11811 648 28575 28578 28571
11812 28578 28575 664 28574
11814 25752 646 18389 28583
11815 506 25761 28583 18389
11816 28583 25761 505 25752
11818 20007 664 28575 28592
11819 648 28589 28592 28575
11820 28592 28589 647 20007
11822 28589 648 18151 28600
11823 642 13894 28600 18151
11824 28600 13894 647 28589
11898 28757 810 16872 28760
11899 622 23446 28760 16872
11900 28760 23446 651 28757
11906 20320 833 20310 28772
11907 658 28770 28772 20310
11908 28772 28770 657 20320
11926 28805 790 28804 28808
11927 656 28141 28808 28804
11928 28808 28141 789 28805
11934 28237 849 24805 28823
11935 816 28821 28823 24805
11936 28823 28821 692 28237
11946 26574 693 28841 28844
11947 816 18796 28844 28841
11948 28844 18796 802 26574
12026 28996 803 19546 28999
12027 767 19530 28999 19546
12028 28999 19530 765 28996
12038 18006 771 28026 29022
12039 536 27213 29022 28026
12040 29022 27213 770 18006
12054 29055 752 29054 29058
12055 544 24466 29058 29054
12056 29058 24466 751 29055
12058 19228 746 24407 29062
12059 740 27664 29062 24407
12060 29062 27664 739 19228
12062 29066 738 27674 29069
12063 554 29067 29069 27674
12064 29069 29067 734 29066
12066 29073 734 29067 29075
12067 554 17613 29075 29067
12068 29075 17613 712 29073
12070 17596 571 17617 29080
12071 554 27312 29080 17617
12072 29080 27312 556 17596
12074 29084 726 29083 29087
12075 719 19040 29087 29083
12076 29087 19040 725 29084
12082 29099 831 20302 29102
12083 810 28757 29102 20302
12084 29102 28757 651 29099
12110 28571 829 29146 29149
12111 646 25750 29149 29146
12112 29149 25750 648 28571
12122 29167 830 20257 29169
12123 624 18386 29169 20257
12124 29169 18386 646 29167
12126 20242 830 29167 29175
12127 646 29146 29175 29167
12128 29175 29146 829 20242
12142 29208 693 26598 29212
12143 691 29209 29212 26598
12144 29212 29209 692 29208
12146 28821 816 28841 29218
12147 693 29208 29218 28841
12148 29218 29208 692 28821
12158 20253 831 29099 29233
12159 651 23485 29233 29099
12160 29233 23485 624 20253
12182 29279 887 20806 29282
12183 508 26250 29282 20806
12184 29282 26250 825 29279
12186 29286 824 25173 29289
12187 507 16880 29289 25173
12188 29289 16880 509 29286
12194 29305 826 25178 29308
12195 824 29286 29308 25178
12196 29308 29286 509 29305
12222 20246 829 28574 29372
12223 664 29369 29372 28574
12224 29372 29369 663 20246
12226 29369 664 29375 29379
12227 662 29377 29379 29375
12228 29379 29377 663 29369
12250 20823 887 29279 29424
12251 825 20386 29424 29279
12252 29424 20386 886 20823
12262 20185 844 20371 29450
12263 843 21348 29450 20371
12264 29450 21348 510 20185
12342 29599 807 19973 29602
12343 798 19864 29602 19973
12344 29602 19864 794 29599
12350 19970 807 29611 29614
12351 692 29209 29614 29611
12352 29614 29209 691 19970
12354 20041 807 29599 29619
12355 794 28327 29619 29599
12356 29619 28327 790 20041
12370 19806 813 20040 29651
12371 790 28805 29651 20040
12372 29651 28805 789 19806
12378 20683 813 19809 29666
12379 788 19729 29666 19809
12380 29666 19729 805 20683
12434 29788 805 19942 29791
12435 785 29789 29791 19942
12436 29791 29789 701 29788
12454 29828 786 19715 29831
12455 772 29829 29831 19715
12456 29831 29829 782 29828
12458 19721 786 29835 29838
12459 700 19685 29838 29835
12460 29838 19685 780 19721
12462 29843 872 19774 29846
12463 786 29828 29846 19774
12464 29846 29828 782 29843
12470 29829 772 28033 29865
12471 771 18009 29865 28033
12472 29865 18009 782 29829
12482 19664 781 19684 29895
12483 700 29892 29895 19684
12484 29895 29892 699 19664
12490 19775 792 29908 29911
12491 700 29835 29911 29908
12492 29911 29835 786 19775
12494 29908 792 19786 29917
12495 791 19763 29917 19786
12496 29917 19763 700 29908
12526 19654 778 19557 29989
12527 782 18010 29989 19557
12528 29989 18010 770 19654
12558 30063 803 28996 30066
12559 765 19496 30066 28996
12560 30066 19496 707 30063
12562 27002 539 26943 30070
12563 763 19537 30070 26943
12564 30070 19537 706 27002
12566 30077 854 30074 30080
12567 803 30063 30080 30074
12568 30080 30063 707 30077
12574 20584 855 30095 30100
12575 707 19482 30100 30095
12576 30100 19482 768 20584
12598 29789 785 27240 30159
12599 783 30156 30159 27240
12600 30159 30156 701 29789
12602 27071 545 27078 30163
12603 752 30162 30163 27078
12604 30163 30162 753 27071
12614 30189 764 27090 30192
12615 753 30162 30192 27090
12616 30192 30162 752 30189
12618 30196 764 30189 30199
12619 752 30197 30199 30189
12620 30199 30197 761 30196
12626 30214 764 30196 30217
12627 761 30215 30217 30196
12628 30217 30215 760 30214
12642 19360 761 30197 30244
12643 752 29055 30244 30197
12644 30244 29055 751 19360
12658 30271 761 30270 30274
12659 754 18918 30274 30270
12660 30274 18918 762 30271
12662 30270 761 19362 30277
12663 749 17359 30277 19362
12664 30277 17359 754 30270
12698 27330 555 30348 30351
12699 739 27665 30351 30348
12700 30351 27665 584 27330
12718 30396 867 20559 30399
12719 746 19412 30399 20559
12720 30399 19412 758 30396
12722 30403 758 19413 30405
12723 738 29066 30405 19413
12724 30405 29066 734 30403
12754 30482 734 29073 30486
12755 712 30483 30486 29073
12756 30486 30483 730 30482
12758 30490 730 30483 30492
12759 712 17704 30492 30483
12760 30492 17704 591 30490
12766 30507 730 30490 30510
12767 591 30508 30510 30490
12768 30510 30508 729 30507
12778 19024 716 30535 30540
12779 576 27457 30540 30535
12780 30540 27457 709 19024
12786 29083 726 19023 30553
12787 709 19012 30553 19023
12788 30553 19012 719 29083
12802 27566 808 30580 30582
12803 741 17582 30582 30580
12804 30582 17582 568 27566
12838 19243 727 19123 30659
12839 722 19074 30659 19123
12840 30659 19074 724 19243
12846 17579 741 19242 30673
12847 724 27477 30673 19242
12848 30673 27477 569 17579
12866 30719 861 30718 30722
12867 741 30580 30722 30718
12868 30722 30580 808 30719
12934 14026 835 30870 30873
12935 833 20316 30873 30870
12936 30873 20316 834 14026
12950 30904 729 30903 30907
12951 576 30535 30907 30903
12952 30907 30535 716 30904
12954 30911 729 30904 30915
12955 716 30912 30915 30904
12956 30915 30912 718 30911
12958 20529 718 30912 30919
12959 716 30918 30919 30912
12960 30919 30918 717 20529
12990 30966 835 20282 30968
12991 810 20298 30968 20282
12992 30968 20298 832 30966
13126 30156 783 26728 31238
13127 699 31236 31238 26728
13128 31238 31236 701 30156
13130 19764 701 31236 31243
13131 699 29892 31243 31236
13132 31243 29892 700 19764
13154 19723 780 18863 31288
13155 694 28007 31288 18863
13156 31288 28007 776 19723
13174 31320 875 31317 31323
13175 805 29788 31323 31317
13176 31323 29788 701 31320
13222 31421 876 20682 31424
13223 805 31317 31424 20682
13224 31424 31317 875 31421
13290 20707 878 28236 31563
13291 692 29611 31563 28236
13292 31563 29611 807 20707
13370 20213 828 31737 31743
13371 827 31740 31743 31737
13372 31743 31740 509 20213
13374 20805 887 31747 31753
13375 841 31750 31753 31747
13376 31753 31750 828 20805
13386 31737 828 31772 31778
13387 842 31775 31778 31772
13388 31778 31775 827 31737
13414 20192 826 29305 31834
13415 509 31832 31834 29305
13416 31834 31832 662 20192
13418 31740 827 31837 31840
13419 662 31832 31840 31837
13420 31840 31832 509 31740
13426 31852 838 31849 31855
13427 835 30966 31855 31849
13428 31855 30966 832 31852
13462 31849 838 31932 31938
13463 836 31935 31938 31932
13464 31938 31935 835 31849
13466 31943 890 31942 31946
13467 838 31852 31946 31942
13468 31946 31852 832 31943
13470 31952 891 31949 31955
13471 838 31942 31955 31949
13472 31955 31942 890 31952
13478 31935 836 31969 31974
13479 833 30870 31974 31969
13480 31974 30870 835 31935
13510 32036 837 32035 32039
13511 808 20309 32039 32035
13512 32039 20309 833 32036
13582 20223 888 20822 32189
13583 886 20184 32189 20822
13584 32189 20184 510 20223
13634 19926 803 32285 32291
13635 779 32288 32291 32285
13636 32291 32288 778 19926
13646 21015 868 20565 32314
13647 859 19391 32314 20565
13648 32314 19391 860 21015
13658 17718 758 30403 32336
13659 734 30482 32336 30403
13660 32336 30482 730 17718
13666 32352 865 20528 32356
13667 717 32353 32356 20528
13668 32356 32353 864 32352
13674 32370 726 29084 32374
13675 725 32371 32374 29084
13676 32374 32371 717 32370
13698 32421 840 32418 32424
13699 663 29377 32424 32418
13700 32424 29377 662 32421
13706 20005 811 20195 32434
13707 662 29375 32434 20195
13708 32434 29375 664 20005
13722 20264 832 20301 32460
13723 831 20256 32460 20301
13724 32460 20256 830 20264
13734 18547 890 32473 32478
13735 663 32418 32478 32473
13736 32478 32418 840 18547
13762 20353 840 32421 32535
13763 662 31837 32535 32421
13764 32535 31837 827 20353
13782 20819 888 20812 32570
13783 841 31747 32570 20812
13784 32570 31747 887 20819
13866 32734 877 32731 32737
13867 807 20037 32737 32731
13868 32737 20037 813 32734
13902 32806 876 31421 32809
13903 875 21179 32809 31421
13904 32809 21179 797 32806
13914 32833 872 29843 32836
13915 782 19558 32836 29843
13916 32836 19558 777 32833
13918 21114 874 32839 32844
13919 872 32833 32844 32839
13920 32844 32833 777 21114
13922 32839 874 20673 32850
13923 873 32848 32850 20673
13924 32850 32848 872 32839
13962 32936 875 31320 32939
13963 701 19760 32939 31320
13964 32939 19760 791 32936
13966 21178 875 32936 32943
13967 791 19782 32943 32936
13968 32943 19782 793 21178
13994 30095 855 33001 33004
13995 854 30077 33004 33001
13996 33004 30077 707 30095
14006 30215 761 30271 33033
14007 762 19523 33033 30271
14008 33033 19523 760 30215
14086 20558 867 33206 33209
14087 714 21018 33209 33206
14088 33209 21018 860 20558
14090 33214 867 30396 33218
14091 758 33215 33218 30396
14092 33218 33215 866 33214
14110 33262 894 33259 33265
14111 867 33214 33265 33259
14112 33265 33214 866 33262
14114 17722 730 30507 33270
14115 729 30911 33270 30507
14116 33270 30911 718 17722
14118 33277 866 33274 33280
14119 718 20525 33280 33274
14120 33280 20525 865 33277
14122 33274 866 33215 33286
14123 758 17721 33286 33215
14124 33286 17721 718 33274
14150 33344 866 33277 33347
14151 865 19221 33347 33277
14152 33347 19221 737 33344
14158 19218 865 32352 33361
14159 864 21008 33361 32352
14160 33361 21008 735 19218
14162 33365 864 32353 33369
14163 717 33366 33369 32353
14164 33369 33366 728 33365
14166 33375 861 30719 33378
14167 808 32035 33378 30719
14168 33378 32035 837 33375
14178 19239 741 33402 33405
14179 862 20518 33405 33402
14180 33405 20518 727 19239
14182 30718 861 33408 33413
14183 862 33402 33413 33408
14184 33413 33402 741 30718
14198 20759 881 20942 33439
14199 862 33408 33439 20942
14200 33439 33408 861 20759
14202 33445 884 20758 33448
14203 861 33375 33448 20758
14204 33448 33375 837 33445
14234 32473 890 31943 33507
14235 832 20265 33507 31943
14236 33507 20265 663 32473
14334 21005 864 33661 33721
14335 863 33720 33721 33661
14336 33721 33720 732 21005
14398 30074 854 33836 33839
14399 779 32285 33839 33836
14400 33839 32285 803 30074
14450 33946 784 21117 33949
14451 777 33947 33949 21117
14452 33949 33947 779 33946
14454 32288 779 33947 33954
14455 777 19554 33954 33947
14456 33954 19554 778 32288
14558 20700 877 32734 34154
14559 813 20679 34154 32734
14560 34154 20679 876 20700
14570 20702 876 32806 34177
14571 797 19853 34177 32806
14572 34177 19853 796 20702
14586 31750 841 34211 34214
14587 842 31772 34214 34211
14588 34214 31772 828 31750
14622 14428 839 20357 34293
14623 827 31775 34293 20357
14624 34293 31775 842 14428
14678 32036 833 31969 34398
14679 836 20767 34398 31969
14680 34398 20767 837 32036
14714 20838 891 31952 34483
14715 890 18550 34483 31952
14716 34483 18550 659 20838
14734 18551 840 20356 34525
14735 839 34523 34525 20356
14736 34525 34523 659 18551
14782 31949 891 14272 34635
14783 882 34632 34635 14272
14784 34635 34632 838 31949
14793 34632 882 20749 34659
14794 836 31932 34659 20749
14796 34659 31932 838 34632
15002 32848 873 35079 35084
15003 792 19771 35084 35079
15004 35084 19771 872 32848
15098 20629 870 35286 35289
15099 855 20582 35289 35286
15100 35289 20582 869 20629
15102 35286 870 20603 35295
15103 774 35293 35295 20603
15104 35295 35293 855 35286
15110 33001 855 35293 35311
15111 774 19611 35311 35293
15112 35311 19611 854 33001
15330 33836 854 19614 35824
15331 773 35821 35824 19614
15332 35824 35821 779 33836
15386 20779 884 33445 35948
15387 837 20765 35948 33445
15388 35948 20765 883 20779
15442 33720 863 20517 36063
15443 862 20943 36063 20517
15444 36063 20943 732 33720
15470 20916 894 33262 36114
15471 866 33344 36114 33262
15472 36114 33344 737 20916
16982 27308 555 27331 39147
16983 573 24134 39147 27331
16984 39147 24134 556 27308
17062 15732 312 24000 39270
17063 436 25938 39270 24000
17064 39270 25938 437 15732
17146 23638 600 24724 39372
17147 460 39370 39372 24724
17148 39372 39370 461 23638
17154 16195 331 23628 39379
17155 461 39370 39379 23628
17156 39379 39370 460 16195
17186 26664 606 39421 39426
17187 458 23665 39426 39421
17188 39426 23665 603 26664
17230 27787 587 22460 39481
17231 472 39480 39481 22460
17232 39481 39480 586 27787
17314 15418 379 15409 39619
17315 378 15398 39619 15409
17316 39619 15398 393 15418
17326 14512 410 14905 39633
17327 409 14835 39633 14905
17328 39633 14835 15 14512
17446 14404 889 20832 39777
17447 668 18580 39777 20832
17448 39777 18580 669 14404
17454 20829 889 13817 39790
17455 842 34211 39790 13817
17456 39790 34211 841 20829
17562 39946 506 26106 39949
17563 502 23392 39949 26106
17564 39949 23392 427 39946
17618 18536 661 18530 40024
17619 649 20840 40024 18530
17620 40024 20840 659 18536
17626 18426 661 18539 40034
17627 660 18588 40034 18539
17628 40034 18588 379 18426
18314 20961 892 20859 41065
18315 650 41063 41065 20859
18316 41065 41063 809 20961
18330 41088 387 18476 41090
18331 380 15436 41090 18476
18332 41090 15436 419 41088
18334 15459 387 41088 41096
18335 419 15445 41096 41088
18336 41096 15445 417 15459
18338 17638 388 15226 41101
18339 420 41099 41101 15226
18340 41101 41099 386 17638
18362 15190 418 41127 41130
18363 386 41099 41130 41127
18364 41130 41099 420 15190
18386 15234 419 15437 41161
18387 394 15384 41161 15437
18388 41161 15384 411 15234
18526 14373 418 15193 41332
18527 402 15008 41332 15193
18528 41332 15008 401 14373
18626 15356 392 14669 41444
18627 377 15320 41444 14669
18628 41444 15320 391 15356
18634 15275 391 15310 41454
18635 390 41452 41454 15310
18636 41454 41452 406 15275
18638 14823 390 15268 41459
18639 376 14775 41459 15268
18640 41459 14775 389 14823
18646 14817 406 41452 41466
18647 390 14821 41466 41452
18648 41466 14821 407 14817
18770 14881 411 15385 41612
18771 410 14514 41612 15385
18772 41612 14514 14 14881
18846 14833 409 15296 41691
18847 408 14786 41691 15296
18848 41691 14786 16 14833
19330 15194 420 42255 42258
19331 403 15025 42258 42255
19332 42258 15025 402 15194
19434 15237 411 14880 42342
19435 13 15019 42342 14880
19436 42342 15019 404 15237
19545 42255 420 15227 42439
19546 417 15180 42439 15227
19548 42439 15180 403 42255
20242 25758 506 39946 43156
20243 427 23862 43156 39946
20244 43156 23862 426 25758
20282 43203 445 25737 43206
20283 505 25762 43206 25737
20284 43206 25762 426 43203
20306 17030 524 18318 43227
20307 430 15824 43227 18318
20308 43227 15824 442 17030
20481 15801 318 43433 43435
20483 43435 15978 440 15801
20484 294 15978 43435 43433
20685 43675 319 16033 43676
20686 449 15975 43676 16033
20688 43676 15975 294 43675
20742 18855 697 43749 43752
20743 787 19742 43752 43749
20744 43752 19742 681 18855
20766 43794 697 24733 43797
20767 698 27239 43797 24733
20768 43797 27239 785 43794
20778 43749 697 43794 43816
20779 785 19943 43816 43794
20780 43816 19943 787 43749
20798 39421 606 17942 43840
20799 457 23659 43840 17942
20800 43840 23659 458 39421
20850 28804 790 28328 43897
20851 631 26655 43897 28328
20852 43897 26655 656 28804
21074 17799 586 39480 44149
21075 472 16284 44149 39480
21076 44149 16284 473 17799
21130 23555 477 16484 44224
21131 582 25492 44224 16484
21132 44224 25492 475 23555
21206 44321 545 17878 44324
21207 546 24481 44324 17878
21208 44324 24481 544 44321
21418 30903 729 30508 44593
21419 591 27645 44593 30508
21420 44593 27645 576 30903
22001 16971 516 16891 45348
22002 439 22799 45348 16891
22004 45348 22799 441 16971
22078 13784 366 22149 45439
22079 497 27431 45439 22149
22080 45439 27431 494 13784
22522 30348 555 27673 45956
22523 738 19232 45956 27673
22524 45956 19232 739 30348
22706 19112 728 33366 46202
22707 717 32371 46202 33366
22708 46202 32371 725 19112
23622 18562 647 13897 47355
23623 626 25189 47355 13897
23624 47355 25189 645 18562
23933 14429 660 18540 47718
23934 659 34523 47718 18540
23936 47718 34523 839 14429
24169 18774 678 22943 48037
24171 48037 15997 815 18774
24172 689 15997 48037 22943
24738 19122 727 20514 48806
24739 863 48804 48806 20514
24740 48806 48804 728 19122
25470 19817 878 20707 49785
25471 807 32731 49785 20707
25472 49785 32731 877 19817
25965 19850 797 19839 50405
25966 793 19952 50405 19839
25968 50405 19952 795 19850
27510 21677 396 21683 52202
27511 131 14933 52202 21683
27512 52202 14933 395 21677
27554 14468 407 14804 52226
27555 389 14460 52226 14804
27556 52226 14460 397 14468
27605 21286 688 21483 52262
27606 814 21309 52262 21483
27608 52262 21309 847 21286
31486 16021 454 23728 56055
31487 450 23037 56055 23728
31488 56055 23037 322 16021
31550 19043 720 19050 56114
31551 721 19115 56114 19050
31552 56114 19115 725 19043
31738 15902 445 43203 56269
31739 426 23869 56269 43203
31740 56269 23869 302 15902
33369 24810 655 18214 57917
33370 614 23712 57917 18214
33372 57917 23712 610 24810
33802 18506 654 18513 58308
33803 657 28770 58308 18513
33804 58308 28770 658 18506
36777 26965 759 27028 61116
36778 768 19536 61116 27028
36780 61116 19536 763 26965
42074 20665 793 19785 66372
42075 792 35079 66372 19785
42076 66372 35079 873 20665
42573 29054 752 27078 66856
42574 545 44321 66856 27078
42576 66856 44321 544 29054
42605 20619 869 19430 66891
42606 764 30214 66891 19430
42608 66891 30214 760 20619
43630 32370 717 30918 67919
43631 716 19020 67919 30918
43632 67919 19020 726 32370
45577 48804 863 33661 69777
45578 864 33365 69777 33661
45580 69777 33365 728 48804
46701 20886 714 33206 70881
46702 867 33259 70881 33206
46704 70881 33259 894 20886
51074 33946 779 35821 75203
51075 773 21129 75203 35821
51076 75203 21129 784 33946
59718 20663 852 19800 83545
59719 806 19951 83545 19800
59720 83545 19951 793 20663
87682 41127 418 21615 112518
87683 385 21689 112518 21615
87684 112518 21689 386 41127
89978 17571 503 25210 114319
89979 685 27559 114319 25210
89980 114319 27559 686 17571
90009 21462 588 21453 114336
90010 856 20491 114336 21453
90012 114336 20491 857 21462
90269 18475 387 18452 114570
90271 114570 41063 650 18475
90272 809 41063 114570 18452
